3.756722e-04 1.000000e+01 -3.298923e-16 1.330000e+01
1.666667e-03 1.000000e+01 -4.667321e-16 1.330000e+01
2.957661e-03 1.000000e+01 -5.733842e-16 1.330000e+01
3.709006e-03 1.000000e+01 -4.457473e-16 1.330000e+01
5.000000e-03 1.000000e+01 -2.395646e-16 1.330000e+01
6.290994e-03 1.000000e+01 -4.634201e-16 1.330000e+01
7.042339e-03 1.000000e+01 -4.025471e-16 1.330000e+01
8.333333e-03 1.000000e+01 -2.042190e-16 1.330000e+01
9.624328e-03 1.000000e+01 -5.969480e-16 1.330000e+01
1.037567e-02 1.000000e+01 -5.773115e-16 1.330000e+01
1.166667e-02 1.000000e+01 -1.492370e-16 1.330000e+01
1.295766e-02 1.000000e+01 -1.728007e-16 1.330000e+01
1.370901e-02 1.000000e+01 -1.453097e-16 1.330000e+01
1.500000e-02 1.000000e+01 -3.259650e-16 1.330000e+01
1.629099e-02 1.000000e+01 -5.184022e-16 1.330000e+01
1.704234e-02 1.000000e+01 -4.889475e-16 1.330000e+01
1.833333e-02 1.000000e+01 -2.199282e-16 1.330000e+01
1.962433e-02 1.000000e+01 -3.613106e-16 1.330000e+01
2.037567e-02 1.000000e+01 -2.945467e-16 1.330000e+01
2.166667e-02 1.000000e+01 -3.063286e-16 1.330000e+01
2.295766e-02 1.000000e+01 -3.456015e-16 1.330000e+01
2.370901e-02 1.000000e+01 -6.794210e-16 1.330000e+01
2.500000e-02 1.000000e+01 -6.794210e-16 1.330000e+01
2.629099e-02 1.000000e+01 -6.754937e-16 1.330000e+01
2.704234e-02 1.000000e+01 -6.892393e-16 1.330000e+01
2.833333e-02 1.000000e+01 -5.890934e-16 1.330000e+01
2.962433e-02 1.000000e+01 -5.498205e-16 1.330000e+01
3.037567e-02 1.000000e+01 -5.321477e-16 1.330000e+01
3.166667e-02 1.000000e+01 -4.437837e-16 1.330000e+01
3.295766e-02 1.000000e+01 -5.341113e-16 1.330000e+01
3.370901e-02 1.000000e+01 -8.384762e-16 1.330000e+01
3.500000e-02 1.000000e+01 -6.676392e-16 1.330000e+01
3.629099e-02 1.000000e+01 -3.770198e-16 1.330000e+01
3.704234e-02 1.000000e+01 -6.362209e-16 1.330000e+01
3.833333e-02 1.000000e+01 -5.851661e-16 1.330000e+01
3.962433e-02 1.000000e+01 -1.099641e-16 1.330000e+01
4.037567e-02 1.000000e+01 -3.024013e-16 1.330000e+01
4.166667e-02 1.000000e+01 -5.812388e-16 1.330000e+01
4.295766e-02 1.000000e+01 -4.084381e-16 1.330000e+01
4.370901e-02 1.000000e+01 -1.276369e-16 1.330000e+01
4.500000e-02 1.000000e+01 -5.380386e-16 1.330000e+01
4.629099e-02 1.000000e+01 -6.283663e-16 1.330000e+01
4.704234e-02 1.000000e+01 -2.434919e-16 1.330000e+01
4.833333e-02 1.000000e+01 -1.845826e-16 1.330000e+01
4.962433e-02 1.000000e+01 -3.456015e-16 1.330000e+01
5.037567e-02 1.000000e+01 -1.472733e-16 1.330000e+01
5.166667e-02 1.000000e+01 -3.534560e-17 1.330000e+01
5.295766e-02 1.000000e+01 -3.456015e-16 1.330000e+01
5.370901e-02 1.000000e+01 -3.436378e-16 1.330000e+01
5.500000e-02 1.000000e+01 -5.380386e-16 1.330000e+01
5.629099e-02 1.000000e+01 -3.613106e-16 1.330000e+01
5.704234e-02 1.000000e+01 -4.594928e-16 1.330000e+01
5.833333e-02 1.000000e+01 -2.906194e-16 1.330000e+01
5.962433e-02 1.000000e+01 -2.984740e-16 1.330000e+01
6.037567e-02 1.000000e+01 -4.830566e-16 1.330000e+01
6.166667e-02 1.000000e+01 -2.906194e-16 1.330000e+01
6.295766e-02 1.000000e+01 -5.812388e-16 1.330000e+01
6.370901e-02 1.000000e+01 -5.773115e-16 1.330000e+01
6.500000e-02 1.000000e+01 -1.728007e-16 1.330000e+01
6.629099e-02 1.000000e+01 -3.298923e-16 1.330000e+01
6.704234e-02 1.000000e+01 -5.989116e-16 1.330000e+01
6.833333e-02 1.000000e+01 -1.688734e-16 1.330000e+01
6.962433e-02 1.000000e+01 -2.356374e-16 1.330000e+01
7.037567e-02 1.000000e+01 -2.572374e-16 1.330000e+01
7.166667e-02 1.000000e+01 -2.474192e-16 1.330000e+01
7.295766e-02 1.000000e+01 -3.456015e-16 1.330000e+01
7.370901e-02 1.000000e+01 -5.576751e-16 1.330000e+01
7.500000e-02 1.000000e+01 -9.582586e-16 1.330000e+01
7.629099e-02 1.000000e+01 -5.812388e-16 1.330000e+01
7.704234e-02 1.000000e+01 -3.298923e-16 1.330000e+01
7.833333e-02 1.000000e+01 -2.317101e-16 1.330000e+01
7.962433e-02 1.000000e+01 1.570916e-17 1.330000e+01
8.037567e-02 1.000000e+01 6.872756e-17 1.330000e+01
8.166667e-02 1.000000e+01 2.434919e-16 1.330000e+01
8.295766e-02 1.000000e+01 -2.199282e-16 1.330000e+01
8.370901e-02 1.000000e+01 -2.002917e-16 1.330000e+01
8.500000e-02 1.000000e+01 -2.866921e-16 1.330000e+01
8.629099e-02 1.000000e+01 -1.570916e-16 1.330000e+01
8.704234e-02 1.000000e+01 2.356374e-17 1.330000e+01
8.833333e-02 1.000000e+01 4.202199e-16 1.330000e+01
8.962433e-02 1.000000e+01 3.298923e-16 1.330000e+01
9.037567e-02 1.000000e+01 7.265485e-17 1.330000e+01
9.166667e-02 1.000000e+01 -2.631284e-16 1.330000e+01
9.295766e-02 1.000000e+01 -3.927289e-16 1.330000e+01
9.370901e-02 1.000000e+01 -5.223295e-16 1.330000e+01
9.500000e-02 1.000000e+01 -2.081463e-16 1.330000e+01
9.629099e-02 1.000000e+01 -1.413824e-16 1.330000e+01
9.704234e-02 1.000000e+01 2.120736e-16 1.330000e+01
9.833333e-02 1.000000e+01 2.827648e-16 1.330000e+01
9.962433e-02 1.000000e+01 -1.728007e-16 1.330000e+01
1.003757e-01 1.000000e+01 -2.061827e-16 1.330000e+01
1.016667e-01 1.000000e+01 -3.652379e-16 1.330000e+01
1.029577e-01 1.000000e+01 -2.827648e-16 1.330000e+01
1.037090e-01 1.000000e+01 -3.711288e-16 1.330000e+01
1.050000e-01 1.000000e+01 -1.845826e-16 1.330000e+01
1.062910e-01 1.000000e+01 -4.398564e-16 1.330000e+01
1.070423e-01 1.000000e+01 -2.336737e-16 1.330000e+01
1.083333e-01 1.000000e+01 1.845826e-16 1.330000e+01
1.096243e-01 1.000000e+01 3.141831e-16 1.330000e+01
1.103757e-01 1.000000e+01 2.984740e-16 1.330000e+01
1.116667e-01 1.000000e+01 3.613106e-16 1.330000e+01
1.129577e-01 1.000000e+01 2.356374e-16 1.330000e+01
1.137090e-01 1.000000e+01 -1.570916e-17 1.330000e+01
1.150000e-01 1.000000e+01 -3.927289e-16 1.330000e+01
1.162910e-01 1.000000e+01 -2.042190e-16 1.330000e+01
1.170423e-01 1.000000e+01 -1.963645e-17 1.330000e+01
1.183333e-01 1.000000e+01 4.712747e-17 1.330000e+01
1.196243e-01 1.000000e+01 -1.099641e-16 1.330000e+01
1.203757e-01 1.000000e+01 -3.024013e-16 1.330000e+01
1.216667e-01 1.000000e+01 -2.749102e-16 1.330000e+01
1.229577e-01 1.000000e+01 -2.042190e-16 1.330000e+01
1.237090e-01 1.000000e+01 -3.141831e-17 1.330000e+01
1.250000e-01 1.000000e+01 2.866921e-16 1.330000e+01
1.262910e-01 1.000000e+01 2.042190e-16 1.330000e+01
1.270423e-01 1.000000e+01 4.221836e-16 1.330000e+01
1.283333e-01 1.000000e+01 4.555655e-16 1.330000e+01
1.296243e-01 1.000000e+01 1.256733e-15 1.330000e+01
1.303757e-01 1.000000e+01 9.700404e-16 1.330000e+01
1.316667e-01 1.000000e+01 -9.032765e-17 1.330000e+01
1.329577e-01 1.000000e+01 -2.513465e-16 1.330000e+01
1.337090e-01 1.000000e+01 9.484403e-16 1.330000e+01
1.350000e-01 1.000000e+01 1.818335e-15 1.330000e+01
1.362910e-01 1.000000e+01 -1.131059e-15 1.330000e+01
1.370423e-01 1.000000e+01 -2.440810e-15 1.330000e+01
1.383333e-01 1.000000e+01 -9.425494e-17 1.330000e+01
1.396243e-01 1.000000e+01 5.686715e-15 1.330000e+01
1.403757e-01 1.000000e+01 2.678411e-15 1.330000e+01
1.416667e-01 1.000000e+01 -5.030857e-15 1.330000e+01
1.429577e-01 1.000000e+01 -5.843806e-15 1.330000e+01
1.437090e-01 1.000000e+01 5.488387e-15 1.330000e+01
1.450000e-01 1.000000e+01 1.372195e-14 1.330000e+01
1.462910e-01 1.000000e+01 -6.802065e-15 1.330000e+01
1.470423e-01 1.000000e+01 -2.339093e-14 1.330000e+01
1.483333e-01 1.000000e+01 -1.084717e-14 1.330000e+01
1.496243e-01 1.000000e+01 4.538375e-14 1.330000e+01
1.503757e-01 1.000000e+01 3.795725e-14 1.330000e+01
1.516667e-01 1.000000e+01 -3.140260e-14 1.330000e+01
1.529577e-01 1.000000e+01 -9.449058e-14 1.330000e+01
1.537090e-01 1.000000e+01 -1.869390e-15 1.330000e+01
1.550000e-01 1.000000e+01 1.383898e-13 1.330000e+01
1.562910e-01 1.000000e+01 7.422577e-14 1.330000e+01
1.570423e-01 1.000000e+01 -1.654056e-13 1.330000e+01
1.583333e-01 1.000000e+01 -2.773059e-13 1.330000e+01
1.596243e-01 1.000000e+01 1.948407e-13 1.330000e+01
1.603757e-01 1.000000e+01 5.307456e-13 1.330000e+01
1.616667e-01 1.000000e+01 2.595899e-13 1.330000e+01
1.629577e-01 1.000000e+01 -9.663331e-13 1.330000e+01
1.637090e-01 1.000000e+01 -1.004385e-12 1.330000e+01
1.650000e-01 1.000000e+01 3.988044e-13 1.330000e+01
1.662910e-01 1.000000e+01 2.410869e-12 1.330000e+01
1.670423e-01 1.000000e+01 1.047015e-12 1.330000e+01
1.683333e-01 1.000000e+01 -2.592478e-12 1.330000e+01
1.696243e-01 1.000000e+01 -4.141012e-12 1.330000e+01
1.703757e-01 1.000000e+01 8.563866e-13 1.330000e+01
1.716667e-01 1.000000e+01 7.604116e-12 1.330000e+01
1.729577e-01 1.000000e+01 4.214547e-12 1.330000e+01
1.737090e-01 1.000000e+01 -7.995075e-12 1.330000e+01
1.750000e-01 1.000000e+01 -1.661394e-11 1.330000e+01
1.762910e-01 1.000000e+01 2.844378e-12 1.330000e+01
1.770423e-01 1.000000e+01 2.655733e-11 1.330000e+01
1.783333e-01 1.000000e+01 2.918446e-11 1.330000e+01
1.796243e-01 1.000000e+01 -2.960662e-11 1.330000e+01
1.803757e-01 1.000000e+01 -6.705179e-11 1.330000e+01
1.816667e-01 1.000000e+01 -3.967113e-11 1.330000e+01
1.829577e-01 1.000000e+01 1.020954e-10 1.330000e+01
1.837090e-01 1.000000e+01 1.461918e-10 1.330000e+01
1.850000e-01 1.000000e+01 2.984787e-11 1.330000e+01
1.862910e-01 1.000000e+01 -2.713560e-10 1.330000e+01
1.870423e-01 1.000000e+01 -2.901259e-10 1.330000e+01
1.883333e-01 1.000000e+01 4.499668e-11 1.330000e+01
1.896243e-01 1.000000e+01 6.356492e-10 1.330000e+01
1.903757e-01 1.000000e+01 5.425444e-10 1.330000e+01
1.916667e-01 1.000000e+01 -2.798348e-10 1.330000e+01
1.929577e-01 1.000000e+01 -1.384520e-09 1.330000e+01
1.937090e-01 1.000000e+01 -9.879892e-10 1.330000e+01
1.950000e-01 1.000000e+01 8.544676e-10 1.330000e+01
1.962910e-01 1.000000e+01 2.884379e-09 1.330000e+01
1.970423e-01 1.000000e+01 1.814557e-09 1.330000e+01
1.983333e-01 1.000000e+01 -2.065293e-09 1.330000e+01
1.996243e-01 1.000000e+01 -5.823902e-09 1.330000e+01
2.003757e-01 1.000000e+01 -3.450946e-09 1.330000e+01
2.016667e-01 1.000000e+01 4.304168e-09 1.330000e+01
2.029577e-01 1.000000e+01 1.137736e-08 1.330000e+01
2.037090e-01 1.000000e+01 6.738787e-09 1.330000e+01
2.050000e-01 1.000000e+01 -7.942291e-09 1.330000e+01
2.062910e-01 1.000000e+01 -2.114279e-08 1.330000e+01
2.070423e-01 1.000000e+01 -1.263521e-08 1.330000e+01
2.083333e-01 1.000000e+01 1.378290e-08 1.330000e+01
2.096243e-01 9.999999e+00 3.695204e-08 1.330000e+01
2.103757e-01 1.000000e+01 2.013659e-08 1.330000e+01
2.116667e-01 1.000000e+01 -2.785848e-08 1.330000e+01
2.129577e-01 1.000000e+01 -6.416129e-08 1.330000e+01
2.137090e-01 1.000000e+01 -2.157563e-08 1.330000e+01
2.150000e-01 9.999998e+00 9.487695e-08 1.330000e+01
2.162910e-01 9.999997e+00 1.874805e-07 1.329999e+01
2.170423e-01 9.999998e+00 9.434755e-08 1.330000e+01
2.183333e-01 1.000000e+01 -2.025266e-07 1.330001e+01
2.196243e-01 1.000001e+01 -4.409217e-07 1.330001e+01
2.203757e-01 1.000000e+01 -2.543680e-07 1.330001e+01
2.216667e-01 9.999977e+00 1.304421e-06 1.329996e+01
2.229577e-01 9.999920e+00 4.532256e-06 1.329986e+01
2.237090e-01 9.999875e+00 7.034010e-06 1.329978e+01
2.250000e-01 9.999776e+00 1.265442e-05 1.329960e+01
2.262910e-01 9.999652e+00 1.961603e-05 1.329937e+01
2.270423e-01 9.999562e+00 2.471003e-05 1.329921e+01
2.283333e-01 9.999281e+00 4.055515e-05 1.329871e+01
2.296243e-01 9.998818e+00 6.668867e-05 1.329787e+01
2.303757e-01 9.998429e+00 8.865614e-05 1.329717e+01
2.316667e-01 9.997339e+00 1.501498e-04 1.329521e+01
2.329577e-01 9.995714e+00 2.418579e-04 1.329229e+01
2.337090e-01 9.994437e+00 3.139185e-04 1.328999e+01
2.350000e-01 9.990919e+00 5.125530e-04 1.328366e+01
2.362910e-01 9.985755e+00 8.041489e-04 1.327437e+01
2.370423e-01 9.981659e+00 1.035633e-03 1.326701e+01
2.383333e-01 9.971178e+00 1.628480e-03 1.324816e+01
2.396243e-01 9.957079e+00 2.426218e-03 1.322283e+01
2.403757e-01 9.946660e+00 3.017063e-03 1.320410e+01
2.416667e-01 9.923032e+00 4.359248e-03 1.316167e+01
2.429577e-01 9.895121e+00 5.946676e-03 1.311164e+01
2.437090e-01 9.876318e+00 7.020092e-03 1.307792e+01
2.450000e-01 9.837864e+00 9.221868e-03 1.300903e+01
2.462910e-01 9.797367e+00 1.154520e-02 1.293670e+01
2.470423e-01 9.771750e+00 1.302232e-02 1.289092e+01
2.483333e-01 9.722228e+00 1.589041e-02 1.280250e+01
2.496243e-01 9.673206e+00 1.873476e-02 1.271538e+01
2.503757e-01 9.643078e+00 2.049379e-02 1.266178e+01
2.516667e-01 9.586764e+00 2.380143e-02 1.256161e+01
2.529577e-01 9.532976e+00 2.696230e-02 1.246660e+01
2.537090e-01 9.500528e+00 2.888341e-02 1.240918e+01
2.550000e-01 9.441024e+00 3.243369e-02 1.230375e+01
2.562910e-01 9.385100e+00 3.576437e-02 1.220564e+01
2.570423e-01 9.351661e+00 3.777328e-02 1.214680e+01
2.583333e-01 9.291021e+00 4.145202e-02 1.203977e+01
2.596243e-01 9.234356e+00 4.487303e-02 1.194107e+01
2.603757e-01 9.200649e+00 4.692819e-02 1.188212e+01
2.616667e-01 9.139986e+00 5.067164e-02 1.177547e+01
2.629577e-01 9.083356e+00 5.413797e-02 1.167754e+01
2.637090e-01 9.049776e+00 5.621556e-02 1.161918e+01
2.650000e-01 8.989699e+00 5.998673e-02 1.151398e+01
2.662910e-01 8.933560e+00 6.347168e-02 1.141758e+01
2.670423e-01 8.900329e+00 6.555737e-02 1.136021e+01
2.683333e-01 8.841161e+00 6.933378e-02 1.125705e+01
2.696243e-01 8.785806e+00 7.282076e-02 1.116259e+01
2.703757e-01 8.753052e+00 7.490559e-02 1.110644e+01
2.716667e-01 8.694943e+00 7.867301e-02 1.100565e+01
2.729577e-01 8.640579e+00 8.215131e-02 1.091337e+01
2.737090e-01 8.608381e+00 8.422940e-02 1.085854e+01
2.750000e-01 8.551372e+00 8.797851e-02 1.076029e+01
2.762910e-01 8.498148e+00 9.144095e-02 1.067030e+01
2.770423e-01 8.466564e+00 9.350838e-02 1.061686e+01
2.783333e-01 8.410637e+00 9.723291e-02 1.052123e+01
2.796243e-01 8.358646e+00 1.006746e-01 1.043357e+01
2.803757e-01 8.327725e+00 1.027286e-01 1.038155e+01
2.816667e-01 8.272853e+00 1.064242e-01 1.028855e+01
2.829577e-01 8.222111e+00 1.098416e-01 1.020324e+01
2.837090e-01 8.191895e+00 1.118804e-01 1.015262e+01
2.850000e-01 8.138096e+00 1.155440e-01 1.006224e+01
2.862910e-01 8.088538e+00 1.189347e-01 9.979252e+00
2.870423e-01 8.059041e+00 1.209568e-01 9.930028e+00
2.883333e-01 8.006392e+00 1.245864e-01 9.842224e+00
2.896243e-01 7.957916e+00 1.279487e-01 9.761517e+00
2.903757e-01 7.929113e+00 1.299531e-01 9.713659e+00
2.916667e-01 7.877706e+00 1.335471e-01 9.628378e+00
2.929577e-01 7.830245e+00 1.368797e-01 9.549903e+00
2.937090e-01 7.802083e+00 1.388659e-01 9.503379e+00
2.950000e-01 7.751943e+00 1.424233e-01 9.420554e+00
2.962910e-01 7.705511e+00 1.457254e-01 9.344250e+00
2.970423e-01 7.677950e+00 1.476928e-01 9.299025e+00
2.983333e-01 7.628996e+00 1.512131e-01 9.218584e+00
2.996243e-01 7.583640e+00 1.544842e-01 9.144391e+00
3.003757e-01 7.556688e+00 1.564325e-01 9.100425e+00
3.016667e-01 7.508817e+00 1.599153e-01 9.022293e+00
3.029577e-01 7.464512e+00 1.631551e-01 8.950142e+00
3.037090e-01 7.438189e+00 1.650843e-01 8.907396e+00
3.050000e-01 7.391388e+00 1.685295e-01 8.831496e+00
3.062910e-01 7.348041e+00 1.717379e-01 8.761321e+00
3.070423e-01 7.322323e+00 1.736479e-01 8.719754e+00
3.083333e-01 7.276633e+00 1.770557e-01 8.646008e+00
3.096243e-01 7.234200e+00 1.802328e-01 8.577741e+00
3.103757e-01 7.209031e+00 1.821236e-01 8.537312e+00
3.116667e-01 7.164415e+00 1.854941e-01 8.465643e+00
3.129577e-01 7.122926e+00 1.886400e-01 8.399217e+00
3.137090e-01 7.098295e+00 1.905118e-01 8.359886e+00
3.150000e-01 7.054653e+00 1.938455e-01 8.290220e+00
3.162910e-01 7.014085e+00 1.969605e-01 8.225569e+00
3.170423e-01 6.990011e+00 1.988133e-01 8.187297e+00
3.183333e-01 6.947329e+00 2.021105e-01 8.119559e+00
3.196243e-01 6.907597e+00 2.051949e-01 8.056620e+00
3.203757e-01 6.884046e+00 2.070290e-01 8.019369e+00
3.216667e-01 6.842350e+00 2.102902e-01 7.953489e+00
3.229577e-01 6.803443e+00 2.133443e-01 7.892200e+00
3.237090e-01 6.780371e+00 2.151600e-01 7.855933e+00
3.250000e-01 6.739586e+00 2.183855e-01 7.791841e+00
3.262910e-01 6.701522e+00 2.214097e-01 7.732143e+00
3.270423e-01 6.678945e+00 2.232072e-01 7.696824e+00
3.283333e-01 6.639015e+00 2.263977e-01 7.634455e+00
3.296243e-01 6.601721e+00 2.293924e-01 7.576290e+00
3.303757e-01 6.579627e+00 2.311719e-01 7.541886e+00
3.316667e-01 6.540583e+00 2.343278e-01 7.481176e+00
3.329577e-01 6.504029e+00 2.372935e-01 7.424489e+00
3.337090e-01 6.482369e+00 2.390552e-01 7.390966e+00
3.350000e-01 6.444158e+00 2.421772e-01 7.331854e+00
3.362910e-01 6.408367e+00 2.451143e-01 7.276592e+00
3.370423e-01 6.387154e+00 2.468585e-01 7.243919e+00
3.383333e-01 6.349716e+00 2.499472e-01 7.186347e+00
3.396243e-01 6.314622e+00 2.528560e-01 7.132459e+00
3.403757e-01 6.293846e+00 2.545831e-01 7.100604e+00
3.416667e-01 6.257212e+00 2.576389e-01 7.044515e+00
3.429577e-01 6.222793e+00 2.605200e-01 6.991953e+00
3.437090e-01 6.202410e+00 2.622302e-01 6.960889e+00
3.450000e-01 6.166521e+00 2.652537e-01 6.906229e+00
3.462910e-01 6.132794e+00 2.681077e-01 6.854945e+00
3.470423e-01 6.112823e+00 2.698012e-01 6.824643e+00
3.483333e-01 6.077641e+00 2.727930e-01 6.771362e+00
3.496243e-01 6.044536e+00 2.756202e-01 6.721311e+00
3.503757e-01 6.024953e+00 2.772973e-01 6.691745e+00
3.516667e-01 5.990503e+00 2.802580e-01 6.639792e+00
3.529577e-01 5.958029e+00 2.830588e-01 6.590932e+00
3.537090e-01 5.938806e+00 2.847199e-01 6.562076e+00
3.550000e-01 5.905013e+00 2.876501e-01 6.511405e+00
3.562910e-01 5.873155e+00 2.904250e-01 6.463695e+00
3.570423e-01 5.854313e+00 2.920702e-01 6.435525e+00
3.583333e-01 5.821187e+00 2.949704e-01 6.386092e+00
3.596243e-01 5.789892e+00 2.977198e-01 6.339492e+00
3.603757e-01 5.771386e+00 2.993495e-01 6.311985e+00
3.616667e-01 5.738909e+00 3.022201e-01 6.263746e+00
3.629577e-01 5.708208e+00 3.049445e-01 6.218221e+00
3.637090e-01 5.690049e+00 3.065588e-01 6.191354e+00
3.650000e-01 5.658169e+00 3.094004e-01 6.144269e+00
3.662910e-01 5.627999e+00 3.121002e-01 6.099782e+00
3.670423e-01 5.610176e+00 3.136994e-01 6.073535e+00
3.683333e-01 5.578923e+00 3.165125e-01 6.027566e+00
3.696243e-01 5.549298e+00 3.191879e-01 5.984084e+00
3.703757e-01 5.531784e+00 3.207723e-01 5.958436e+00
3.716667e-01 5.501089e+00 3.235573e-01 5.913546e+00
3.729577e-01 5.471987e+00 3.262087e-01 5.871037e+00
3.737090e-01 5.454802e+00 3.277785e-01 5.845970e+00
3.750000e-01 5.424691e+00 3.305358e-01 5.802124e+00
3.762910e-01 5.396081e+00 3.331636e-01 5.760558e+00
3.770423e-01 5.379181e+00 3.347189e-01 5.736053e+00
3.783333e-01 5.349613e+00 3.374489e-01 5.693218e+00
3.796243e-01 5.321516e+00 3.400534e-01 5.652566e+00
3.803757e-01 5.304928e+00 3.415944e-01 5.628607e+00
3.816667e-01 5.275892e+00 3.442975e-01 5.586751e+00
3.829577e-01 5.248250e+00 3.468790e-01 5.546986e+00
3.837090e-01 5.231936e+00 3.484058e-01 5.523556e+00
3.850000e-01 5.203431e+00 3.510824e-01 5.482649e+00
3.862910e-01 5.176281e+00 3.536411e-01 5.443745e+00
3.870423e-01 5.160256e+00 3.551540e-01 5.420828e+00
3.883333e-01 5.132240e+00 3.578043e-01 5.380842e+00
3.896243e-01 5.105520e+00 3.603404e-01 5.342774e+00
3.903757e-01 5.089764e+00 3.618395e-01 5.320355e+00
3.916667e-01 5.062264e+00 3.644639e-01 5.281263e+00
3.929577e-01 5.036009e+00 3.669777e-01 5.244007e+00
3.937090e-01 5.020519e+00 3.684631e-01 5.222073e+00
3.950000e-01 4.993474e+00 3.710619e-01 5.183848e+00
3.962910e-01 4.967634e+00 3.735535e-01 5.147381e+00
3.970423e-01 4.952408e+00 3.750253e-01 5.125918e+00
3.983333e-01 4.925859e+00 3.775988e-01 5.088535e+00
3.996243e-01 4.900456e+00 3.800685e-01 5.052837e+00
4.003757e-01 4.885476e+00 3.815269e-01 5.031832e+00
4.016667e-01 4.859357e+00 3.840753e-01 4.995268e+00
4.029577e-01 4.834355e+00 3.865231e-01 4.960316e+00
4.037090e-01 4.819632e+00 3.879682e-01 4.939757e+00
4.050000e-01 4.793986e+00 3.904917e-01 4.903989e+00
4.062910e-01 4.769397e+00 3.929180e-01 4.869765e+00
4.070423e-01 4.754905e+00 3.943498e-01 4.849639e+00
4.083333e-01 4.729668e+00 3.968488e-01 4.814645e+00
4.096243e-01 4.705466e+00 3.992535e-01 4.781129e+00
4.103757e-01 4.691222e+00 4.006722e-01 4.761426e+00
4.116667e-01 4.666437e+00 4.031468e-01 4.727185e+00
4.129577e-01 4.642627e+00 4.055302e-01 4.694359e+00
4.137090e-01 4.628603e+00 4.069359e-01 4.675066e+00
4.150000e-01 4.604206e+00 4.093864e-01 4.641558e+00
4.162910e-01 4.580767e+00 4.117486e-01 4.609405e+00
4.170423e-01 4.566981e+00 4.131414e-01 4.590513e+00
4.183333e-01 4.543017e+00 4.155679e-01 4.557717e+00
4.196243e-01 4.519955e+00 4.179091e-01 4.526219e+00
4.203757e-01 4.506379e+00 4.192889e-01 4.507717e+00
4.216667e-01 4.482785e+00 4.216918e-01 4.475616e+00
4.229577e-01 4.460074e+00 4.240120e-01 4.444757e+00
4.237090e-01 4.446725e+00 4.253791e-01 4.426636e+00
4.250000e-01 4.423546e+00 4.277585e-01 4.395210e+00
4.262910e-01 4.401202e+00 4.300579e-01 4.364974e+00
4.270423e-01 4.388056e+00 4.314124e-01 4.347224e+00
4.283333e-01 4.365228e+00 4.337684e-01 4.316456e+00
4.296243e-01 4.343216e+00 4.360472e-01 4.286829e+00
4.303757e-01 4.330283e+00 4.373890e-01 4.269440e+00
4.316667e-01 4.307854e+00 4.397220e-01 4.239312e+00
4.329577e-01 4.286200e+00 4.419802e-01 4.210279e+00
4.337090e-01 4.273468e+00 4.433095e-01 4.193243e+00
4.350000e-01 4.251375e+00 4.456197e-01 4.163740e+00
4.362910e-01 4.230033e+00 4.478573e-01 4.135286e+00
4.370423e-01 4.217499e+00 4.491742e-01 4.118594e+00
4.383333e-01 4.195784e+00 4.514617e-01 4.089700e+00
4.396243e-01 4.174794e+00 4.536789e-01 4.061812e+00
4.403757e-01 4.162460e+00 4.549834e-01 4.045457e+00
4.416667e-01 4.141074e+00 4.572483e-01 4.017156e+00
4.429577e-01 4.120379e+00 4.594451e-01 3.989824e+00
4.437090e-01 4.108228e+00 4.607372e-01 3.973797e+00
4.450000e-01 4.087196e+00 4.629797e-01 3.946077e+00
4.462910e-01 4.066846e+00 4.651559e-01 3.919288e+00
4.470423e-01 4.054898e+00 4.664357e-01 3.903583e+00
4.483333e-01 4.034197e+00 4.686557e-01 3.876431e+00
4.496243e-01 4.014135e+00 4.708113e-01 3.850177e+00
4.503757e-01 4.002357e+00 4.720786e-01 3.834789e+00
4.516667e-01 3.981983e+00 4.742760e-01 3.808195e+00
4.529577e-01 3.962255e+00 4.764105e-01 3.782468e+00
4.537090e-01 3.950682e+00 4.776651e-01 3.767393e+00
4.550000e-01 3.930652e+00 4.798396e-01 3.741349e+00
4.562910e-01 3.911222e+00 4.819525e-01 3.716146e+00
4.570423e-01 3.899816e+00 4.831941e-01 3.701380e+00
4.583333e-01 3.880093e+00 4.853452e-01 3.675881e+00
4.596243e-01 3.860983e+00 4.874356e-01 3.651201e+00
4.603757e-01 3.849781e+00 4.886637e-01 3.636745e+00
4.616667e-01 3.830419e+00 4.907904e-01 3.611791e+00
4.629577e-01 3.811639e+00 4.928571e-01 3.587637e+00
4.637090e-01 3.800618e+00 4.940709e-01 3.573493e+00
4.650000e-01 3.781565e+00 4.961720e-01 3.549086e+00
4.662910e-01 3.763100e+00 4.982132e-01 3.525468e+00
4.670423e-01 3.752278e+00 4.994118e-01 3.511640e+00
4.683333e-01 3.733600e+00 5.014857e-01 3.487789e+00
4.696243e-01 3.715508e+00 5.034993e-01 3.464719e+00
4.703757e-01 3.704899e+00 5.046815e-01 3.451215e+00
4.716667e-01 3.686564e+00 5.067263e-01 3.427927e+00
4.729577e-01 3.668804e+00 5.087102e-01 3.405419e+00
4.737090e-01 3.658391e+00 5.098751e-01 3.392242e+00
4.750000e-01 3.640422e+00 5.118896e-01 3.369519e+00
4.762910e-01 3.623054e+00 5.138427e-01 3.347573e+00
4.770423e-01 3.612869e+00 5.149899e-01 3.334718e+00
4.783333e-01 3.595263e+00 5.169755e-01 3.312535e+00
4.796243e-01 3.578227e+00 5.188993e-01 3.291122e+00
4.803757e-01 3.568210e+00 5.200312e-01 3.278558e+00
4.816667e-01 3.550868e+00 5.219939e-01 3.256836e+00
4.829577e-01 3.534109e+00 5.238955e-01 3.235867e+00
4.837090e-01 3.524238e+00 5.250180e-01 3.223524e+00
4.850000e-01 3.507101e+00 5.269705e-01 3.202114e+00
4.862910e-01 3.490520e+00 5.288633e-01 3.181435e+00
4.870423e-01 3.480693e+00 5.299859e-01 3.169204e+00
4.883333e-01 3.463540e+00 5.319467e-01 3.147903e+00
4.896243e-01 3.446947e+00 5.338468e-01 3.127337e+00
4.903757e-01 3.437060e+00 5.349807e-01 3.115098e+00
4.916667e-01 3.419762e+00 5.369692e-01 3.093698e+00
4.929577e-01 3.403098e+00 5.388902e-01 3.073100e+00
4.937090e-01 3.393090e+00 5.400458e-01 3.060744e+00
4.950000e-01 3.375480e+00 5.420810e-01 3.039049e+00
4.962910e-01 3.358637e+00 5.440302e-01 3.018350e+00
4.970423e-01 3.348343e+00 5.452222e-01 3.005727e+00
4.983333e-01 3.330150e+00 5.473322e-01 2.983453e+00
4.996243e-01 3.313228e+00 5.493006e-01 2.962754e+00
5.003757e-01 3.302023e+00 5.506065e-01 2.949063e+00
5.016667e-01 3.281004e+00 5.530613e-01 2.923416e+00
5.029577e-01 3.262114e+00 5.552733e-01 2.900412e+00
5.037090e-01 3.252432e+00 5.564078e-01 2.888647e+00
5.050000e-01 3.236509e+00 5.582750e-01 2.869342e+00
5.062910e-01 3.220329e+00 5.601747e-01 2.849769e+00
5.070423e-01 3.211124e+00 5.612570e-01 2.838649e+00
5.083333e-01 3.195685e+00 5.630763e-01 2.820008e+00
5.096243e-01 3.179985e+00 5.649311e-01 2.801069e+00
5.103757e-01 3.170968e+00 5.659986e-01 2.790200e+00
5.116667e-01 3.155692e+00 5.678088e-01 2.771816e+00
5.129577e-01 3.140141e+00 5.696531e-01 2.753152e+00
5.137090e-01 3.131171e+00 5.707174e-01 2.742410e+00
5.150000e-01 3.115946e+00 5.725257e-01 2.724209e+00
5.162910e-01 3.100497e+00 5.743640e-01 2.705769e+00
5.170423e-01 3.091601e+00 5.754247e-01 2.695157e+00
5.183333e-01 3.076522e+00 5.772269e-01 2.677178e+00
5.196243e-01 3.061250e+00 5.790557e-01 2.658995e+00
5.203757e-01 3.052456e+00 5.801103e-01 2.648538e+00
5.216667e-01 3.037522e+00 5.819019e-01 2.630822e+00
5.229577e-01 3.022392e+00 5.837181e-01 2.612922e+00
5.237090e-01 3.013677e+00 5.847650e-01 2.602633e+00
5.250000e-01 2.998896e+00 5.865433e-01 2.585201e+00
5.262910e-01 2.983954e+00 5.883454e-01 2.567596e+00
5.270423e-01 2.975364e+00 5.893838e-01 2.557479e+00
5.283333e-01 2.960800e+00 5.911474e-01 2.540341e+00
5.296243e-01 2.946065e+00 5.929343e-01 2.523036e+00
5.303757e-01 2.937585e+00 5.939635e-01 2.513095e+00
5.316667e-01 2.923189e+00 5.957108e-01 2.496262e+00
5.329577e-01 2.908615e+00 5.974813e-01 2.479263e+00
5.337090e-01 2.900234e+00 5.985005e-01 2.469504e+00
5.350000e-01 2.886034e+00 6.002307e-01 2.452978e+00
5.362910e-01 2.871677e+00 6.019848e-01 2.436280e+00
5.370423e-01 2.863429e+00 6.029945e-01 2.426693e+00
5.383333e-01 2.849440e+00 6.047095e-01 2.410452e+00
5.396243e-01 2.835254e+00 6.064501e-01 2.394023e+00
5.403757e-01 2.827087e+00 6.074525e-01 2.384587e+00
5.416667e-01 2.813214e+00 6.091556e-01 2.368594e+00
5.429577e-01 2.799135e+00 6.108859e-01 2.352400e+00
5.437090e-01 2.791039e+00 6.118824e-01 2.343098e+00
5.450000e-01 2.777313e+00 6.135754e-01 2.327335e+00
5.462910e-01 2.763396e+00 6.152965e-01 2.311362e+00
5.470423e-01 2.755399e+00 6.162873e-01 2.302190e+00
5.483333e-01 2.741828e+00 6.179704e-01 2.286651e+00
5.496243e-01 2.728028e+00 6.196826e-01 2.270893e+00
5.503757e-01 2.720088e+00 6.206680e-01 2.261848e+00
5.516667e-01 2.706604e+00 6.223419e-01 2.246522e+00
5.529577e-01 2.692892e+00 6.240463e-01 2.230967e+00
5.537090e-01 2.685014e+00 6.250271e-01 2.222039e+00
5.550000e-01 2.671663e+00 6.266931e-01 2.206912e+00
5.562910e-01 2.658092e+00 6.283908e-01 2.191547e+00
5.570423e-01 2.650298e+00 6.293674e-01 2.182731e+00
5.583333e-01 2.637075e+00 6.310258e-01 2.167799e+00
5.596243e-01 2.623597e+00 6.327164e-01 2.152625e+00
5.603757e-01 2.615850e+00 6.336884e-01 2.143924e+00
5.616667e-01 2.602707e+00 6.353377e-01 2.129196e+00
5.629577e-01 2.589321e+00 6.370198e-01 2.114223e+00
5.637090e-01 2.581645e+00 6.379860e-01 2.105645e+00
5.650000e-01 2.568657e+00 6.396246e-01 2.091135e+00
5.662910e-01 2.555438e+00 6.412963e-01 2.076377e+00
5.670423e-01 2.547865e+00 6.422559e-01 2.067929e+00
5.683333e-01 2.535037e+00 6.438822e-01 2.053645e+00
5.696243e-01 2.521943e+00 6.455425e-01 2.039109e+00
5.703757e-01 2.514433e+00 6.464948e-01 2.030793e+00
5.716667e-01 2.501711e+00 6.481083e-01 2.016738e+00
5.729577e-01 2.488730e+00 6.497565e-01 2.002425e+00
5.737090e-01 2.481300e+00 6.507014e-01 1.994241e+00
5.750000e-01 2.468742e+00 6.523019e-01 1.980413e+00
5.762910e-01 2.455938e+00 6.539380e-01 1.966321e+00
5.770423e-01 2.448615e+00 6.548754e-01 1.958268e+00
5.783333e-01 2.436229e+00 6.564626e-01 1.944666e+00
5.796243e-01 2.423561e+00 6.580859e-01 1.930798e+00
5.803757e-01 2.416309e+00 6.590152e-01 1.922878e+00
5.816667e-01 2.404040e+00 6.605873e-01 1.909514e+00
5.829577e-01 2.391498e+00 6.621955e-01 1.895885e+00
5.837090e-01 2.384335e+00 6.631152e-01 1.888111e+00
5.850000e-01 2.372254e+00 6.646694e-01 1.875005e+00
5.862910e-01 2.359924e+00 6.662600e-01 1.861633e+00
5.870423e-01 2.352895e+00 6.671687e-01 1.854013e+00
5.883333e-01 2.341034e+00 6.687039e-01 1.841170e+00
5.896243e-01 2.328887e+00 6.702766e-01 1.828053e+00
5.903757e-01 2.321951e+00 6.711748e-01 1.820580e+00
5.916667e-01 2.310224e+00 6.726928e-01 1.807981e+00
5.929577e-01 2.298195e+00 6.742499e-01 1.795096e+00
5.937090e-01 2.291331e+00 6.751391e-01 1.787756e+00
5.950000e-01 2.279752e+00 6.766416e-01 1.775383e+00
5.962910e-01 2.267898e+00 6.781838e-01 1.762721e+00
5.970423e-01 2.261150e+00 6.790637e-01 1.755515e+00
5.983333e-01 2.249781e+00 6.805490e-01 1.743378e+00
5.996243e-01 2.238125e+00 6.820732e-01 1.730961e+00
6.003757e-01 2.231487e+00 6.829417e-01 1.723903e+00
6.016667e-01 2.220288e+00 6.844060e-01 1.712030e+00
6.029577e-01 2.208787e+00 6.859090e-01 1.699879e+00
6.037090e-01 2.202242e+00 6.867645e-01 1.692979e+00
6.050000e-01 2.191214e+00 6.882071e-01 1.681372e+00
6.062910e-01 2.179904e+00 6.896896e-01 1.669478e+00
6.070423e-01 2.173480e+00 6.905335e-01 1.662723e+00
6.083333e-01 2.162662e+00 6.919578e-01 1.651349e+00
6.096243e-01 2.151552e+00 6.934236e-01 1.639677e+00
6.103757e-01 2.145232e+00 6.942585e-01 1.633045e+00
6.116667e-01 2.134561e+00 6.956681e-01 1.621872e+00
6.129577e-01 2.123570e+00 6.971187e-01 1.610407e+00
6.137090e-01 2.117311e+00 6.979443e-01 1.603897e+00
6.150000e-01 2.106755e+00 6.993368e-01 1.592943e+00
6.162910e-01 2.095920e+00 7.007670e-01 1.581723e+00
6.170423e-01 2.089776e+00 7.015792e-01 1.575366e+00
6.183333e-01 2.079456e+00 7.029466e-01 1.564687e+00
6.196243e-01 2.068914e+00 7.043474e-01 1.553779e+00
6.203757e-01 2.062953e+00 7.051411e-01 1.547611e+00
6.216667e-01 2.052936e+00 7.064765e-01 1.537258e+00
6.229577e-01 2.042700e+00 7.078411e-01 1.526707e+00
6.237090e-01 2.036903e+00 7.086135e-01 1.520748e+00
6.250000e-01 2.027137e+00 7.099137e-01 1.510739e+00
6.262910e-01 2.017185e+00 7.112375e-01 1.500575e+00
6.270423e-01 2.011557e+00 7.119863e-01 1.494838e+00
6.283333e-01 2.002094e+00 7.132466e-01 1.485203e+00
6.296243e-01 1.992560e+00 7.145197e-01 1.475495e+00
6.303757e-01 1.987195e+00 7.152377e-01 1.470031e+00
6.316667e-01 1.978227e+00 7.164410e-01 1.460893e+00
6.329577e-01 1.969346e+00 7.176349e-01 1.451847e+00
6.337090e-01 1.964395e+00 7.183011e-01 1.446810e+00
6.350000e-01 1.956266e+00 7.193943e-01 1.438559e+00
6.362910e-01 1.948535e+00 7.204321e-01 1.430744e+00
6.370423e-01 1.944390e+00 7.209876e-01 1.426568e+00
6.383333e-01 1.938083e+00 7.218313e-01 1.420233e+00
6.396243e-01 1.932791e+00 7.225388e-01 1.414931e+00
6.403757e-01 1.930379e+00 7.228611e-01 1.412518e+00
6.416667e-01 1.927340e+00 7.232685e-01 1.409470e+00
6.429577e-01 1.925320e+00 7.235419e-01 1.407426e+00
6.437090e-01 1.924589e+00 7.236424e-01 1.406675e+00
6.450000e-01 1.923663e+00 7.237717e-01 1.405709e+00
6.462910e-01 1.923107e+00 7.238506e-01 1.405120e+00
6.470423e-01 1.922961e+00 7.238717e-01 1.404962e+00
6.483333e-01 1.923062e+00 7.238581e-01 1.405064e+00
6.496243e-01 1.923598e+00 7.237827e-01 1.405627e+00
6.503757e-01 1.924087e+00 7.237141e-01 1.406139e+00
6.516667e-01 1.925103e+00 7.235723e-01 1.407198e+00
6.529577e-01 1.926334e+00 7.234034e-01 1.408461e+00
6.537090e-01 1.927119e+00 7.232971e-01 1.409256e+00
6.550000e-01 1.928535e+00 7.231083e-01 1.410668e+00
6.562910e-01 1.930030e+00 7.229116e-01 1.412139e+00
6.570423e-01 1.930884e+00 7.228000e-01 1.412975e+00
6.583333e-01 1.932264e+00 7.226191e-01 1.414330e+00
6.596243e-01 1.933566e+00 7.224458e-01 1.415627e+00
6.603757e-01 1.934250e+00 7.223534e-01 1.416320e+00
6.616667e-01 1.935299e+00 7.222088e-01 1.417404e+00
6.629577e-01 1.936243e+00 7.220762e-01 1.418398e+00
6.637090e-01 1.936726e+00 7.220079e-01 1.418909e+00
6.650000e-01 1.937477e+00 7.219031e-01 1.419695e+00
6.662910e-01 1.938180e+00 7.218086e-01 1.420404e+00
6.670423e-01 1.938548e+00 7.217607e-01 1.420763e+00
6.683333e-01 1.939131e+00 7.216875e-01 1.421312e+00
6.696243e-01 1.939673e+00 7.216207e-01 1.421814e+00
6.703757e-01 1.939953e+00 7.215860e-01 1.422074e+00
6.716667e-01 1.940372e+00 7.215318e-01 1.422480e+00
6.729577e-01 1.940721e+00 7.214828e-01 1.422848e+00
6.737090e-01 1.940882e+00 7.214582e-01 1.423033e+00
6.750000e-01 1.941107e+00 7.214215e-01 1.423309e+00
6.762910e-01 1.941310e+00 7.213884e-01 1.423557e+00
6.770423e-01 1.941419e+00 7.213716e-01 1.423683e+00
6.783333e-01 1.941616e+00 7.213450e-01 1.423883e+00
6.796243e-01 1.941839e+00 7.213195e-01 1.424075e+00
6.803757e-01 1.941970e+00 7.213057e-01 1.424178e+00
6.816667e-01 1.942196e+00 7.212822e-01 1.424355e+00
6.829577e-01 1.942412e+00 7.212577e-01 1.424539e+00
6.837090e-01 1.942526e+00 7.212432e-01 1.424648e+00
6.850000e-01 1.942698e+00 7.212174e-01 1.424841e+00
6.862910e-01 1.942843e+00 7.211913e-01 1.425037e+00
6.870423e-01 1.942918e+00 7.211766e-01 1.425148e+00
6.883333e-01 1.943036e+00 7.211541e-01 1.425317e+00
6.896243e-01 1.943154e+00 7.211356e-01 1.425456e+00
6.903757e-01 1.943221e+00 7.211274e-01 1.425517e+00
6.916667e-01 1.943330e+00 7.211178e-01 1.425589e+00
6.929577e-01 1.943425e+00 7.211129e-01 1.425626e+00
6.937090e-01 1.943465e+00 7.211121e-01 1.425632e+00
6.950000e-01 1.943496e+00 7.211130e-01 1.425626e+00
6.962910e-01 1.943470e+00 7.211161e-01 1.425602e+00
6.970423e-01 1.943430e+00 7.211187e-01 1.425583e+00
6.983333e-01 1.943336e+00 7.211236e-01 1.425546e+00
6.996243e-01 1.943225e+00 7.211298e-01 1.425500e+00
7.003757e-01 1.943165e+00 7.211336e-01 1.425471e+00
7.016667e-01 1.943093e+00 7.211404e-01 1.425419e+00
7.029577e-01 1.943062e+00 7.211480e-01 1.425363e+00
7.037090e-01 1.943062e+00 7.211524e-01 1.425330e+00
7.050000e-01 1.943073e+00 7.211601e-01 1.425272e+00
7.062910e-01 1.943066e+00 7.211689e-01 1.425205e+00
7.070423e-01 1.943045e+00 7.211743e-01 1.425165e+00
7.083333e-01 1.942964e+00 7.211845e-01 1.425088e+00
7.096243e-01 1.942823e+00 7.211965e-01 1.424999e+00
7.103757e-01 1.942722e+00 7.212040e-01 1.424942e+00
7.116667e-01 1.942541e+00 7.212181e-01 1.424836e+00
7.129577e-01 1.942379e+00 7.212334e-01 1.424722e+00
7.137090e-01 1.942304e+00 7.212425e-01 1.424653e+00
7.150000e-01 1.942218e+00 7.212581e-01 1.424536e+00
7.162910e-01 1.942176e+00 7.212734e-01 1.424421e+00
7.170423e-01 1.942161e+00 7.212820e-01 1.424356e+00
7.183333e-01 1.942126e+00 7.212960e-01 1.424252e+00
7.196243e-01 1.942057e+00 7.213082e-01 1.424160e+00
7.203757e-01 1.941999e+00 7.213143e-01 1.424114e+00
7.216667e-01 1.941869e+00 7.213232e-01 1.424047e+00
7.229577e-01 1.941732e+00 7.213293e-01 1.424001e+00
7.237090e-01 1.941661e+00 7.213318e-01 1.423982e+00
7.250000e-01 1.941586e+00 7.213341e-01 1.423965e+00
7.262910e-01 1.941603e+00 7.213323e-01 1.423978e+00
7.270423e-01 1.941651e+00 7.213298e-01 1.423997e+00
7.283333e-01 1.941789e+00 7.213226e-01 1.424052e+00
7.296243e-01 1.941976e+00 7.213098e-01 1.424148e+00
7.303757e-01 1.942092e+00 7.213000e-01 1.424222e+00
7.316667e-01 1.942287e+00 7.212771e-01 1.424394e+00
7.329577e-01 1.942470e+00 7.212462e-01 1.424626e+00
7.337090e-01 1.942576e+00 7.212248e-01 1.424787e+00
7.350000e-01 1.942781e+00 7.211823e-01 1.425106e+00
7.362910e-01 1.943037e+00 7.211352e-01 1.425460e+00
7.370423e-01 1.943220e+00 7.211061e-01 1.425678e+00
7.383333e-01 1.943578e+00 7.210584e-01 1.426036e+00
7.396243e-01 1.943959e+00 7.210172e-01 1.426345e+00
7.403757e-01 1.944167e+00 7.209980e-01 1.426490e+00
7.416667e-01 1.944437e+00 7.209762e-01 1.426653e+00
7.429577e-01 1.944567e+00 7.209670e-01 1.426723e+00
7.437090e-01 1.944566e+00 7.209678e-01 1.426717e+00
7.450000e-01 1.944439e+00 7.209768e-01 1.426649e+00
7.462910e-01 1.944195e+00 7.209931e-01 1.426528e+00
7.470423e-01 1.944021e+00 7.210053e-01 1.426436e+00
7.483333e-01 1.943735e+00 7.210284e-01 1.426263e+00
7.496243e-01 1.943510e+00 7.210529e-01 1.426079e+00
7.503757e-01 1.943419e+00 7.210670e-01 1.425972e+00
7.516667e-01 1.943341e+00 7.210894e-01 1.425804e+00
7.529577e-01 1.943318e+00 7.211097e-01 1.425652e+00
7.537090e-01 1.943313e+00 7.211200e-01 1.425574e+00
7.550000e-01 1.943270e+00 7.211350e-01 1.425461e+00
7.562910e-01 1.943150e+00 7.211466e-01 1.425373e+00
7.570423e-01 1.943053e+00 7.211514e-01 1.425338e+00
7.583333e-01 1.942863e+00 7.211559e-01 1.425304e+00
7.596243e-01 1.942688e+00 7.211569e-01 1.425296e+00
7.603757e-01 1.942620e+00 7.211557e-01 1.425306e+00
7.616667e-01 1.942597e+00 7.211516e-01 1.425337e+00
7.629577e-01 1.942693e+00 7.211464e-01 1.425376e+00
7.637090e-01 1.942792e+00 7.211430e-01 1.425402e+00
7.650000e-01 1.942980e+00 7.211381e-01 1.425439e+00
7.662910e-01 1.943117e+00 7.211345e-01 1.425467e+00
7.670423e-01 1.943155e+00 7.211330e-01 1.425478e+00
7.683333e-01 1.943113e+00 7.211313e-01 1.425490e+00
7.696243e-01 1.942941e+00 7.211310e-01 1.425493e+00
7.703757e-01 1.942809e+00 7.211312e-01 1.425491e+00
7.716667e-01 1.942586e+00 7.211327e-01 1.425479e+00
7.729577e-01 1.942423e+00 7.211366e-01 1.425450e+00
7.737090e-01 1.942375e+00 7.211400e-01 1.425425e+00
7.750000e-01 1.942382e+00 7.211479e-01 1.425365e+00
7.762910e-01 1.942449e+00 7.211586e-01 1.425284e+00
7.770423e-01 1.942489e+00 7.211662e-01 1.425228e+00
7.783333e-01 1.942486e+00 7.211813e-01 1.425115e+00
7.796243e-01 1.942331e+00 7.211977e-01 1.424992e+00
7.803757e-01 1.942176e+00 7.212076e-01 1.424918e+00
7.816667e-01 1.941823e+00 7.212240e-01 1.424795e+00
7.829577e-01 1.941416e+00 7.212391e-01 1.424683e+00
7.837090e-01 1.941200e+00 7.212469e-01 1.424624e+00
7.850000e-01 1.940935e+00 7.212583e-01 1.424539e+00
7.862910e-01 1.940789e+00 7.212664e-01 1.424478e+00
7.870423e-01 1.940761e+00 7.212698e-01 1.424452e+00
7.883333e-01 1.940743e+00 7.212739e-01 1.424421e+00
7.896243e-01 1.940640e+00 7.212750e-01 1.424413e+00
7.903757e-01 1.940538e+00 7.212748e-01 1.424414e+00
7.916667e-01 1.940221e+00 7.212736e-01 1.424423e+00
7.929577e-01 1.939745e+00 7.212691e-01 1.424457e+00
7.937090e-01 1.939449e+00 7.212659e-01 1.424481e+00
7.950000e-01 1.939031e+00 7.212605e-01 1.424522e+00
7.962910e-01 1.938978e+00 7.212524e-01 1.424583e+00
7.970423e-01 1.939107e+00 7.212472e-01 1.424623e+00
7.983333e-01 1.939566e+00 7.212394e-01 1.424682e+00
7.996243e-01 1.940639e+00 7.212304e-01 1.424751e+00
8.003757e-01 1.941456e+00 7.212258e-01 1.424786e+00
8.016667e-01 1.943415e+00 7.212211e-01 1.424822e+00
8.029577e-01 1.946604e+00 7.212146e-01 1.424870e+00
8.037090e-01 1.948778e+00 7.212128e-01 1.424884e+00
8.050000e-01 1.954494e+00 7.212149e-01 1.424868e+00
8.062910e-01 1.964639e+00 7.212113e-01 1.424896e+00
8.070423e-01 1.971468e+00 7.212127e-01 1.424886e+00
8.083333e-01 1.984086e+00 7.212230e-01 1.424808e+00
8.096243e-01 2.001813e+00 7.212182e-01 1.424848e+00
8.103757e-01 2.012736e+00 7.212228e-01 1.424814e+00
8.116667e-01 2.029941e+00 7.212458e-01 1.424642e+00
8.129577e-01 2.056176e+00 7.212308e-01 1.424766e+00
8.137090e-01 2.074979e+00 7.212372e-01 1.424720e+00
8.150000e-01 2.107358e+00 7.212835e-01 1.424357e+00
8.162910e-01 2.164564e+00 7.212479e-01 1.424643e+00
8.170423e-01 2.208957e+00 7.212539e-01 1.424601e+00
8.183333e-01 2.298029e+00 7.213171e-01 1.423977e+00
8.196243e-01 2.452042e+00 7.212880e-01 1.424472e+00
8.203757e-01 2.573726e+00 7.212996e-01 1.424496e+00
8.216667e-01 2.852447e+00 7.213753e-01 1.423971e+00
8.229577e-01 3.181911e+00 7.213798e-01 1.424195e+00
8.237090e-01 3.367171e+00 7.213830e-01 1.424263e+00
8.250000e-01 3.679015e+00 7.214239e-01 1.423990e+00
8.262910e-01 4.016714e+00 7.214382e-01 1.424074e+00
8.270423e-01 4.199774e+00 7.214425e-01 1.424164e+00
8.283333e-01 4.495401e+00 7.214660e-01 1.424069e+00
8.296243e-01 4.789652e+00 7.214772e-01 1.424109e+00
8.303757e-01 4.943390e+00 7.214796e-01 1.424156e+00
8.316667e-01 5.187431e+00 7.214907e-01 1.424107e+00
8.329577e-01 5.413265e+00 7.214963e-01 1.424104e+00
8.337090e-01 5.523404e+00 7.214957e-01 1.424128e+00
8.350000e-01 5.682431e+00 7.214956e-01 1.424126e+00
8.362910e-01 5.805652e+00 7.214929e-01 1.424163e+00
8.370423e-01 5.854744e+00 7.214893e-01 1.424211e+00
8.383333e-01 5.913757e+00 7.214823e-01 1.424282e+00
8.396243e-01 5.951642e+00 7.214751e-01 1.424375e+00
8.403757e-01 5.964693e+00 7.214708e-01 1.424431e+00
8.416667e-01 5.984315e+00 7.214652e-01 1.424502e+00
8.429577e-01 6.001001e+00 7.214631e-01 1.424555e+00
8.437090e-01 6.008631e+00 7.214632e-01 1.424572e+00
8.450000e-01 6.019153e+00 7.214648e-01 1.424591e+00
8.462910e-01 6.026618e+00 7.214680e-01 1.424589e+00
8.470423e-01 6.029347e+00 7.214698e-01 1.424575e+00
8.483333e-01 6.033524e+00 7.214723e-01 1.424533e+00
8.496243e-01 6.037714e+00 7.214694e-01 1.424406e+00
8.503757e-01 6.040053e+00 7.214647e-01 1.424287e+00
8.516667e-01 6.043003e+00 7.214465e-01 1.423992e+00
8.529577e-01 6.044381e+00 7.214113e-01 1.423544e+00
8.537090e-01 6.044756e+00 7.213764e-01 1.423142e+00
8.550000e-01 6.044467e+00 7.212956e-01 1.422294e+00
8.562910e-01 6.043271e+00 7.212012e-01 1.421377e+00
8.570423e-01 6.041589e+00 7.210960e-01 1.420397e+00
8.583333e-01 6.034895e+00 7.207773e-01 1.417449e+00
8.596243e-01 6.024065e+00 7.203391e-01 1.413420e+00
8.603757e-01 6.012704e+00 7.198943e-01 1.409351e+00
8.616667e-01 5.976911e+00 7.185198e-01 1.396682e+00
8.629577e-01 5.896666e+00 7.155341e-01 1.369567e+00
8.637090e-01 5.819481e+00 7.125288e-01 1.343154e+00
8.650000e-01 5.513656e+00 7.002690e-01 1.239131e+00
8.662910e-01 5.006281e+00 6.762834e-01 1.069722e+00
8.670423e-01 4.591106e+00 6.519856e-01 9.273728e-01
8.683333e-01 3.457892e+00 5.675300e-01 5.780126e-01
8.696243e-01 2.341931e+00 4.188424e-01 2.732378e-01
8.703757e-01 1.519988e+00 2.155697e-01 8.477427e-02
8.716667e-01 1.083016e+00 1.936254e-02 1.576028e-04
8.729577e-01 1.042820e+00 2.456086e-02 8.007567e-03
8.737090e-01 1.015928e+00 6.076705e-03 6.615735e-04
8.750000e-01 1.003245e+00 3.748265e-04 1.985890e-07
8.762910e-01 1.003901e+00 1.332457e-03 1.217477e-04
8.770423e-01 1.002168e+00 1.664231e-04 2.978529e-06
8.783333e-01 9.995180e-01 -4.046889e-05 5.257146e-07
8.796243e-01 1.000179e+00 1.787185e-05 1.213003e-06
8.803757e-01 1.000044e+00 4.369978e-07 1.000633e-06
8.816667e-01 9.999876e-01 -1.229872e-07 9.998219e-07
8.829577e-01 1.000006e+00 5.529613e-08 1.000080e-06
8.837090e-01 1.000000e+00 1.610253e-10 1.000000e-06
8.850000e-01 1.000000e+00 -4.555248e-11 9.999999e-07
8.862910e-01 1.000000e+00 2.030900e-11 1.000000e-06
8.870423e-01 1.000000e+00 8.469786e-13 1.000000e-06
8.883333e-01 1.000000e+00 -3.368118e-13 1.000000e-06
8.896243e-01 1.000000e+00 -2.203670e-14 1.000000e-06
8.903757e-01 1.000000e+00 3.958332e-13 1.000000e-06
8.916667e-01 1.000000e+00 5.397998e-14 1.000000e-06
8.929577e-01 1.000000e+00 -3.495735e-13 1.000000e-06
8.937090e-01 1.000000e+00 -1.074753e-13 1.000000e-06
8.950000e-01 1.000000e+00 2.329446e-13 1.000000e-06
8.962910e-01 1.000000e+00 -1.642130e-13 1.000000e-06
8.970423e-01 1.000000e+00 2.590101e-14 1.000000e-06
8.983333e-01 1.000000e+00 1.654643e-13 1.000000e-06
8.996243e-01 1.000000e+00 -1.436130e-13 1.000000e-06
9.003757e-01 1.000000e+00 -9.260708e-14 1.000000e-06
9.016667e-01 1.000000e+00 6.708404e-14 1.000000e-06
9.029577e-01 1.000000e+00 -4.528220e-13 1.000000e-06
9.037090e-01 1.000000e+00 3.829326e-14 1.000000e-06
9.050000e-01 1.000000e+00 4.838297e-13 1.000000e-06
9.062910e-01 1.000000e+00 -7.078247e-13 1.000000e-06
9.070423e-01 1.000000e+00 -2.655250e-13 1.000000e-06
9.083333e-01 1.000000e+00 3.722009e-13 1.000000e-06
9.096243e-01 1.000000e+00 -2.913479e-13 1.000000e-06
9.103757e-01 1.000000e+00 3.148898e-14 1.000000e-06
9.116667e-01 1.000000e+00 2.359370e-13 1.000000e-06
9.129577e-01 1.000000e+00 -4.876700e-13 1.000000e-06
9.137090e-01 1.000000e+00 1.011518e-14 1.000000e-06
9.150000e-01 1.000000e+00 2.342762e-13 1.000000e-06
9.162910e-01 1.000000e+00 -7.647252e-13 1.000000e-06
9.170423e-01 1.000000e+00 7.490893e-14 1.000000e-06
9.183333e-01 1.000000e+00 6.836648e-13 1.000000e-06
9.196243e-01 1.000000e+00 -2.485334e-13 1.000000e-06
9.203757e-01 1.000000e+00 -4.580203e-13 1.000000e-06
9.216667e-01 1.000000e+00 2.755761e-13 1.000000e-06
9.229577e-01 1.000000e+00 8.748862e-14 1.000000e-06
9.237090e-01 1.000000e+00 -2.296529e-13 1.000000e-06
9.250000e-01 1.000000e+00 9.950717e-14 1.000000e-06
9.262910e-01 1.000000e+00 -5.575133e-14 1.000000e-06
9.270423e-01 1.000000e+00 -2.483135e-13 1.000000e-06
9.283333e-01 1.000000e+00 1.348083e-13 1.000000e-06
9.296243e-01 1.000000e+00 1.247814e-13 1.000000e-06
9.303757e-01 1.000000e+00 -1.269630e-13 1.000000e-06
9.316667e-01 1.000000e+00 -7.209870e-14 1.000000e-06
9.329577e-01 1.000000e+00 2.103124e-13 1.000000e-06
9.337090e-01 1.000000e+00 -9.145702e-14 1.000000e-06
9.350000e-01 1.000000e+00 7.660813e-14 1.000000e-06
9.362910e-01 1.000000e+00 -1.913787e-13 1.000000e-06
9.370423e-01 1.000000e+00 -2.110981e-13 1.000000e-06
9.383333e-01 1.000000e+00 1.393224e-13 1.000000e-06
9.396243e-01 1.000000e+00 1.291605e-13 1.000000e-06
9.403757e-01 1.000000e+00 5.035595e-14 1.000000e-06
9.416667e-01 1.000000e+00 -1.174775e-13 1.000000e-06
9.429577e-01 1.000000e+00 7.806523e-14 1.000000e-06
9.437090e-01 1.000000e+00 -1.351962e-13 1.000000e-06
9.450000e-01 1.000000e+00 1.940645e-14 1.000000e-06
9.462910e-01 1.000000e+00 -1.995443e-13 1.000000e-06
9.470423e-01 1.000000e+00 -8.392686e-14 1.000000e-06
9.483333e-01 1.000000e+00 2.232694e-13 1.000000e-06
9.496243e-01 1.000000e+00 3.891134e-14 1.000000e-06
9.503757e-01 1.000000e+00 -5.281266e-15 1.000000e-06
9.516667e-01 1.000000e+00 -1.352243e-13 1.000000e-06
9.529577e-01 1.000000e+00 -9.433893e-14 1.000000e-06
9.537090e-01 1.000000e+00 1.355806e-13 1.000000e-06
9.550000e-01 1.000000e+00 1.937228e-13 1.000000e-06
9.562910e-01 1.000000e+00 -3.046930e-13 1.000000e-06
9.570423e-01 1.000000e+00 -1.223316e-13 1.000000e-06
9.583333e-01 1.000000e+00 2.803429e-13 1.000000e-06
9.596243e-01 1.000000e+00 -4.503470e-13 1.000000e-06
9.603757e-01 1.000000e+00 -8.144699e-14 1.000000e-06
9.616667e-01 1.000000e+00 3.690233e-13 1.000000e-06
9.629577e-01 1.000000e+00 -5.962941e-13 1.000000e-06
9.637090e-01 1.000000e+00 -1.767111e-13 1.000000e-06
9.650000e-01 1.000000e+00 5.758829e-13 1.000000e-06
9.662910e-01 1.000000e+00 -5.018420e-13 1.000000e-06
9.670423e-01 1.000000e+00 -2.654876e-13 1.000000e-06
9.683333e-01 1.000000e+00 -4.164997e-15 1.000000e-06
9.696243e-01 1.000000e+00 1.205200e-13 1.000000e-06
9.703757e-01 1.000000e+00 4.740013e-13 1.000000e-06
9.716667e-01 1.000000e+00 -1.477179e-13 1.000000e-06
9.729577e-01 1.000000e+00 -6.041891e-13 1.000000e-06
9.737090e-01 1.000000e+00 -1.816895e-14 1.000000e-06
9.750000e-01 1.000000e+00 5.032809e-13 1.000000e-06
9.762910e-01 1.000000e+00 3.082663e-13 1.000000e-06
9.770423e-01 1.000000e+00 -1.449638e-13 1.000000e-06
9.783333e-01 1.000000e+00 -5.186077e-13 1.000000e-06
9.796243e-01 1.000000e+00 1.342039e-14 1.000000e-06
9.803757e-01 1.000000e+00 3.607434e-13 1.000000e-06
9.816667e-01 1.000000e+00 1.520276e-13 1.000000e-06
9.829577e-01 1.000000e+00 4.358953e-14 1.000000e-06
9.837090e-01 1.000000e+00 -3.709792e-13 1.000000e-06
9.850000e-01 1.000000e+00 1.130210e-13 1.000000e-06
9.862910e-01 1.000000e+00 1.921003e-13 1.000000e-06
9.870423e-01 1.000000e+00 1.526351e-14 1.000000e-06
9.883333e-01 1.000000e+00 -4.184778e-14 1.000000e-06
9.896243e-01 1.000000e+00 -3.825924e-14 1.000000e-06
9.903757e-01 1.000000e+00 -3.088940e-14 1.000000e-06
9.916667e-01 1.000000e+00 -2.467934e-14 1.000000e-06
9.929577e-01 1.000000e+00 5.432097e-14 1.000000e-06
9.937090e-01 1.000000e+00 -1.611751e-13 1.000000e-06
9.950000e-01 1.000000e+00 7.445857e-15 1.000000e-06
9.962910e-01 1.000000e+00 1.661550e-13 1.000000e-06
9.970423e-01 1.000000e+00 -1.694770e-13 1.000000e-06
9.983333e-01 1.000000e+00 -1.638223e-13 1.000000e-06
9.996243e-01 1.000000e+00 -9.761063e-15 1.000000e-06
