-1.000000e+00 9.999972e+02 -3.899998e+00
-9.966667e-01 9.999911e+02 -3.899993e+00
-9.933333e-01 1.000005e+03 -3.900004e+00
-9.900000e-01 1.000048e+03 -3.900039e+00
-9.900000e-01 1.000060e+03 -3.900048e+00
-9.866667e-01 1.000099e+03 -3.900081e+00
-9.833333e-01 1.000070e+03 -3.900057e+00
-9.800000e-01 9.998149e+02 -3.899850e+00
-9.800000e-01 9.998272e+02 -3.899860e+00
-9.766667e-01 9.996067e+02 -3.899681e+00
-9.733333e-01 9.999867e+02 -3.899989e+00
-9.700000e-01 1.000651e+03 -3.900527e+00
-9.700000e-01 1.000633e+03 -3.900513e+00
-9.666667e-01 1.000762e+03 -3.900617e+00
-9.633333e-01 9.992961e+02 -3.899429e+00
-9.600000e-01 9.954663e+02 -3.896321e+00
-9.600000e-01 9.955543e+02 -3.896391e+00
-9.566667e-01 9.891820e+02 -3.891193e+00
-9.533333e-01 9.807218e+02 -3.884249e+00
-9.500000e-01 9.704135e+02 -3.875722e+00
-9.500000e-01 9.706023e+02 -3.875880e+00
-9.466667e-01 9.588934e+02 -3.866099e+00
-9.433333e-01 9.465835e+02 -3.855710e+00
-9.400000e-01 9.334364e+02 -3.844491e+00
-9.400000e-01 9.336858e+02 -3.844705e+00
-9.366667e-01 9.200352e+02 -3.832912e+00
-9.333333e-01 9.064336e+02 -3.821016e+00
-9.300000e-01 8.923775e+02 -3.808569e+00
-9.300000e-01 8.926500e+02 -3.808811e+00
-9.266667e-01 8.784493e+02 -3.796063e+00
-9.233333e-01 8.645431e+02 -3.783412e+00
-9.200000e-01 8.503786e+02 -3.770354e+00
-9.200000e-01 8.506494e+02 -3.770603e+00
-9.166667e-01 8.364944e+02 -3.757364e+00
-9.133333e-01 8.227503e+02 -3.744329e+00
-9.100000e-01 8.088374e+02 -3.730951e+00
-9.100000e-01 8.091022e+02 -3.731206e+00
-9.066667e-01 7.952772e+02 -3.717713e+00
-9.033333e-01 7.819023e+02 -3.704471e+00
-9.000000e-01 7.684090e+02 -3.690921e+00
-9.000000e-01 7.686632e+02 -3.691176e+00
-8.966667e-01 7.552917e+02 -3.677543e+00
-8.933333e-01 7.423801e+02 -3.664184e+00
-8.900000e-01 7.293780e+02 -3.650537e+00
-8.900000e-01 7.296206e+02 -3.650791e+00
-8.866667e-01 7.167556e+02 -3.637077e+00
-8.833333e-01 7.043436e+02 -3.623647e+00
-8.800000e-01 6.918574e+02 -3.609937e+00
-8.800000e-01 6.920880e+02 -3.610190e+00
-8.766667e-01 6.797430e+02 -3.596420e+00
-8.733333e-01 6.678356e+02 -3.582936e+00
-8.700000e-01 6.558638e+02 -3.569176e+00
-8.700000e-01 6.560826e+02 -3.569427e+00
-8.666667e-01 6.442505e+02 -3.555608e+00
-8.633333e-01 6.328373e+02 -3.542071e+00
-8.600000e-01 6.213664e+02 -3.528259e+00
-8.600000e-01 6.215738e+02 -3.528509e+00
-8.566667e-01 6.102388e+02 -3.514637e+00
-8.533333e-01 5.993036e+02 -3.501044e+00
-8.500000e-01 5.883163e+02 -3.487175e+00
-8.500000e-01 5.885128e+02 -3.487422e+00
-8.466667e-01 5.776577e+02 -3.473492e+00
-8.433333e-01 5.671842e+02 -3.459836e+00
-8.400000e-01 5.566644e+02 -3.445903e+00
-8.400000e-01 5.568505e+02 -3.446149e+00
-8.366667e-01 5.464596e+02 -3.432154e+00
-8.333333e-01 5.364333e+02 -3.418431e+00
-8.300000e-01 5.263666e+02 -3.404432e+00
-8.300000e-01 5.265427e+02 -3.404676e+00
-8.266667e-01 5.166022e+02 -3.390614e+00
-8.233333e-01 5.070103e+02 -3.376820e+00
-8.200000e-01 4.973835e+02 -3.362750e+00
-8.200000e-01 4.975501e+02 -3.362993e+00
-8.166667e-01 4.880467e+02 -3.348860e+00
-8.133333e-01 4.788763e+02 -3.334992e+00
-8.100000e-01 4.696760e+02 -3.320848e+00
-8.100000e-01 4.698335e+02 -3.321089e+00
-8.066667e-01 4.607534e+02 -3.306881e+00
-8.033333e-01 4.519907e+02 -3.292933e+00
-8.000000e-01 4.432024e+02 -3.278706e+00
-8.000000e-01 4.433511e+02 -3.278947e+00
-7.966667e-01 4.346791e+02 -3.264655e+00
-7.933333e-01 4.263087e+02 -3.250618e+00
-7.900000e-01 4.179161e+02 -3.236300e+00
-7.900000e-01 4.180564e+02 -3.236539e+00
-7.866667e-01 4.097758e+02 -3.222150e+00
-7.833333e-01 4.017815e+02 -3.208011e+00
-7.800000e-01 3.937675e+02 -3.193586e+00
-7.800000e-01 3.939000e+02 -3.193824e+00
-7.766667e-01 3.859937e+02 -3.179324e+00
-7.733333e-01 3.783591e+02 -3.165067e+00
-7.700000e-01 3.707077e+02 -3.150520e+00
-7.700000e-01 3.708327e+02 -3.150757e+00
-7.666667e-01 3.632851e+02 -3.136130e+00
-7.633333e-01 3.559961e+02 -3.121740e+00
-7.600000e-01 3.486935e+02 -3.107056e+00
-7.600000e-01 3.488115e+02 -3.107294e+00
-7.566667e-01 3.416100e+02 -3.092528e+00
-7.533333e-01 3.346554e+02 -3.077995e+00
-7.500000e-01 3.276915e+02 -3.063165e+00
-7.500000e-01 3.278026e+02 -3.063402e+00
-7.466667e-01 3.209381e+02 -3.048489e+00
-7.433333e-01 3.143101e+02 -3.033809e+00
-7.400000e-01 3.076773e+02 -3.018832e+00
-7.400000e-01 3.077819e+02 -3.019069e+00
-7.366667e-01 3.012475e+02 -3.004008e+00
-7.333333e-01 2.949399e+02 -2.989179e+00
-7.300000e-01 2.886323e+02 -2.974053e+00
-7.300000e-01 2.887305e+02 -2.974289e+00
-7.266667e-01 2.825198e+02 -2.959081e+00
-7.233333e-01 2.765262e+02 -2.944103e+00
-7.200000e-01 2.705363e+02 -2.928828e+00
-7.200000e-01 2.706285e+02 -2.929064e+00
-7.166667e-01 2.647336e+02 -2.913705e+00
-7.133333e-01 2.590457e+02 -2.898573e+00
-7.100000e-01 2.533642e+02 -2.883142e+00
-7.100000e-01 2.534506e+02 -2.883377e+00
-7.066667e-01 2.478612e+02 -2.867860e+00
-7.033333e-01 2.424681e+02 -2.852564e+00
-7.000000e-01 2.370834e+02 -2.836963e+00
-7.000000e-01 2.371643e+02 -2.837198e+00
-6.966667e-01 2.318681e+02 -2.821504e+00
-6.933333e-01 2.267576e+02 -2.806025e+00
-6.900000e-01 2.216567e+02 -2.790234e+00
-6.900000e-01 2.217324e+02 -2.790469e+00
-6.866667e-01 2.167163e+02 -2.774579e+00
-6.833333e-01 2.118756e+02 -2.758895e+00
-6.800000e-01 2.070455e+02 -2.742890e+00
-6.800000e-01 2.071163e+02 -2.743125e+00
-6.766667e-01 2.023675e+02 -2.727012e+00
-6.733333e-01 1.977843e+02 -2.711097e+00
-6.700000e-01 1.932127e+02 -2.694852e+00
-6.700000e-01 1.932789e+02 -2.695088e+00
-6.666667e-01 1.887852e+02 -2.678725e+00
-6.633333e-01 1.844480e+02 -2.662551e+00
-6.600000e-01 1.801234e+02 -2.646035e+00
-6.600000e-01 1.801853e+02 -2.646272e+00
-6.566667e-01 1.759355e+02 -2.629631e+00
-6.533333e-01 1.718339e+02 -2.613171e+00
-6.500000e-01 1.677461e+02 -2.596358e+00
-6.500000e-01 1.678038e+02 -2.596597e+00
-6.466667e-01 1.637883e+02 -2.579648e+00
-6.433333e-01 1.599132e+02 -2.562872e+00
-6.400000e-01 1.560532e+02 -2.545733e+00
-6.400000e-01 1.561070e+02 -2.545973e+00
-6.366667e-01 1.523170e+02 -2.528692e+00
-6.333333e-01 1.486603e+02 -2.511576e+00
-6.300000e-01 1.450202e+02 -2.494084e+00
-6.300000e-01 1.450703e+02 -2.494326e+00
-6.266667e-01 1.414980e+02 -2.476682e+00
-6.233333e-01 1.380522e+02 -2.459198e+00
-6.200000e-01 1.346239e+02 -2.441326e+00
-6.200000e-01 1.346706e+02 -2.441571e+00
-6.166667e-01 1.313076e+02 -2.423534e+00
-6.133333e-01 1.280642e+02 -2.405645e+00
-6.100000e-01 1.248388e+02 -2.387350e+00
-6.100000e-01 1.248822e+02 -2.387597e+00
-6.066667e-01 1.217191e+02 -2.369125e+00
-6.033333e-01 1.186685e+02 -2.350787e+00
-6.000000e-01 1.156359e+02 -2.332020e+00
-6.000000e-01 1.156762e+02 -2.332272e+00
-5.966667e-01 1.127031e+02 -2.313305e+00
-5.933333e-01 1.098356e+02 -2.294458e+00
-5.900000e-01 1.069862e+02 -2.275161e+00
-5.900000e-01 1.070236e+02 -2.275416e+00
-5.866667e-01 1.042310e+02 -2.255901e+00
-5.833333e-01 1.015380e+02 -2.236488e+00
-5.800000e-01 9.886362e+01 -2.216596e+00
-5.800000e-01 9.889830e+01 -2.216857e+00
-5.766667e-01 9.627839e+01 -2.196729e+00
-5.733333e-01 9.375269e+01 -2.176693e+00
-5.700000e-01 9.124597e+01 -2.156153e+00
-5.700000e-01 9.127811e+01 -2.156419e+00
-5.666667e-01 8.882385e+01 -2.135618e+00
-5.633333e-01 8.645854e+01 -2.114890e+00
-5.600000e-01 8.411232e+01 -2.093629e+00
-5.600000e-01 8.414207e+01 -2.093902e+00
-5.566667e-01 8.184586e+01 -2.072357e+00
-5.533333e-01 7.963327e+01 -2.050865e+00
-5.500000e-01 7.743960e+01 -2.028798e+00
-5.500000e-01 7.746712e+01 -2.029078e+00
-5.466667e-01 7.532103e+01 -2.006694e+00
-5.433333e-01 7.325339e+01 -1.984342e+00
-5.400000e-01 7.120444e+01 -1.961376e+00
-5.400000e-01 7.122988e+01 -1.961665e+00
-5.366667e-01 6.922636e+01 -1.938345e+00
-5.333333e-01 6.729679e+01 -1.915030e+00
-5.300000e-01 6.538592e+01 -1.891058e+00
-5.300000e-01 6.540942e+01 -1.891356e+00
-5.266667e-01 6.354196e+01 -1.867001e+00
-5.233333e-01 6.174419e+01 -1.842626e+00
-5.200000e-01 5.996505e+01 -1.817541e+00
-5.200000e-01 5.998673e+01 -1.817851e+00
-5.166667e-01 5.824902e+01 -1.792336e+00
-5.133333e-01 5.657662e+01 -1.766777e+00
-5.100000e-01 5.492229e+01 -1.740450e+00
-5.100000e-01 5.494229e+01 -1.740773e+00
-5.066667e-01 5.332708e+01 -1.713963e+00
-5.033333e-01 5.177291e+01 -1.687065e+00
-5.000000e-01 5.023613e+01 -1.659324e+00
-5.000000e-01 5.025458e+01 -1.659662e+00
-4.966667e-01 4.875455e+01 -1.631386e+00
-4.933333e-01 4.731158e+01 -1.602980e+00
-4.900000e-01 4.588554e+01 -1.573647e+00
-4.900000e-01 4.590255e+01 -1.574003e+00
-4.866667e-01 4.451148e+01 -1.544067e+00
-4.833333e-01 4.317400e+01 -1.513966e+00
-4.800000e-01 4.185317e+01 -1.482863e+00
-4.800000e-01 4.186885e+01 -1.483240e+00
-4.766667e-01 4.058148e+01 -1.451468e+00
-4.733333e-01 3.934472e+01 -1.419486e+00
-4.700000e-01 3.812439e+01 -1.386415e+00
-4.700000e-01 3.813885e+01 -1.386814e+00
-4.666667e-01 3.695035e+01 -1.353016e+00
-4.633333e-01 3.580944e+01 -1.318967e+00
-4.600000e-01 3.468461e+01 -1.283720e+00
-4.600000e-01 3.469793e+01 -1.284147e+00
-4.566667e-01 3.360329e+01 -1.248091e+00
-4.533333e-01 3.255315e+01 -1.211746e+00
-4.500000e-01 3.151845e+01 -1.174095e+00
-4.500000e-01 3.153073e+01 -1.174552e+00
-4.466667e-01 3.052461e+01 -1.135998e+00
-4.433333e-01 2.956017e+01 -1.097100e+00
-4.400000e-01 2.861055e+01 -1.056778e+00
-4.400000e-01 2.862189e+01 -1.057270e+00
-4.366667e-01 2.769917e+01 -1.015967e+00
-4.333333e-01 2.681562e+01 -9.742706e-01
-4.300000e-01 2.594644e+01 -9.310152e-01
-4.300000e-01 2.595691e+01 -9.315486e-01
-4.266667e-01 2.511321e+01 -8.872294e-01
-4.233333e-01 2.430619e+01 -8.424946e-01
-4.200000e-01 2.351303e+01 -7.960713e-01
-4.200000e-01 2.352271e+01 -7.966534e-01
-4.166667e-01 2.275372e+01 -7.490694e-01
-4.133333e-01 2.201913e+01 -7.010529e-01
-4.100000e-01 2.129772e+01 -6.512280e-01
-4.100000e-01 2.130670e+01 -6.518643e-01
-4.066667e-01 2.060811e+01 -6.008093e-01
-4.033333e-01 1.994193e+01 -5.493145e-01
-4.000000e-01 1.928839e+01 -4.958901e-01
-4.000000e-01 1.929674e+01 -4.965892e-01
-3.966667e-01 1.866461e+01 -4.418952e-01
-3.933333e-01 1.806283e+01 -3.867922e-01
-3.900000e-01 1.747297e+01 -3.296283e-01
-3.900000e-01 1.748076e+01 -3.304036e-01
-3.866667e-01 1.691095e+01 -2.719216e-01
-3.833333e-01 1.636956e+01 -2.131257e-01
-3.800000e-01 1.583971e+01 -1.522232e-01
-3.800000e-01 1.584703e+01 -1.530900e-01
-3.766667e-01 1.533685e+01 -9.096366e-02
-3.733333e-01 1.485433e+01 -2.880676e-02
-3.700000e-01 1.438344e+01 3.533617e-02
-3.700000e-01 1.439022e+01 3.438529e-02
-3.666667e-01 1.393822e+01 9.954869e-02
-3.633333e-01 1.351227e+01 1.644645e-01
-3.600000e-01 1.309608e+01 2.314571e-01
-3.600000e-01 1.310196e+01 2.304977e-01
-3.566667e-01 1.270267e+01 2.984043e-01
-3.533333e-01 1.232463e+01 3.662927e-01
-3.500000e-01 1.195678e+01 4.360112e-01
-3.500000e-01 1.196084e+01 4.352574e-01
-3.466667e-01 1.159406e+01 5.086547e-01
-3.433333e-01 1.123299e+01 5.850916e-01
-3.400000e-01 1.088334e+01 6.634558e-01
-3.400000e-01 1.089232e+01 6.612243e-01
-3.366667e-01 1.064063e+01 7.205592e-01
-3.333333e-01 1.057605e+01 7.361509e-01
-3.300000e-01 1.088713e+01 6.617772e-01
-3.300000e-01 1.087362e+01 6.649475e-01
-3.266667e-01 1.131063e+01 5.680913e-01
-3.233333e-01 1.212395e+01 4.036748e-01
-3.200000e-01 1.343579e+01 1.754707e-01
-3.200000e-01 1.335700e+01 1.878873e-01
-3.166667e-01 1.402911e+01 8.608771e-02
-3.133333e-01 1.420875e+01 6.011883e-02
-3.100000e-01 1.435041e+01 3.951586e-02
-3.100000e-01 1.433096e+01 4.269847e-02
-3.066667e-01 1.445325e+01 2.544694e-02
-3.033333e-01 1.454119e+01 1.321507e-02
-3.000000e-01 1.461087e+01 3.694386e-03
-3.000000e-01 1.461006e+01 3.776336e-03
-2.966667e-01 1.467320e+01 -4.596608e-03
-2.933333e-01 1.472629e+01 -1.172605e-02
-2.900000e-01 1.477069e+01 -1.775614e-02
-2.900000e-01 1.476995e+01 -1.765691e-02
-2.866667e-01 1.480558e+01 -2.247182e-02
-2.833333e-01 1.483375e+01 -2.630527e-02
-2.800000e-01 1.485888e+01 -2.963814e-02
-2.800000e-01 1.485839e+01 -2.958510e-02
-2.766667e-01 1.488195e+01 -3.257137e-02
-2.733333e-01 1.490230e+01 -3.516291e-02
-2.700000e-01 1.491849e+01 -3.731467e-02
-2.700000e-01 1.491820e+01 -3.727957e-02
-2.666667e-01 1.492997e+01 -3.891150e-02
-2.633333e-01 1.493919e+01 -4.021087e-02
-2.600000e-01 1.494806e+01 -4.140193e-02
-2.600000e-01 1.494775e+01 -4.137422e-02
-2.566667e-01 1.495595e+01 -4.233379e-02
-2.533333e-01 1.496254e+01 -4.309039e-02
-2.500000e-01 1.496738e+01 -4.371852e-02
-2.500000e-01 1.496732e+01 -4.371213e-02
-2.466667e-01 1.497079e+01 -4.423573e-02
-2.433333e-01 1.497340e+01 -4.466185e-02
-2.400000e-01 1.497581e+01 -4.502885e-02
-2.400000e-01 1.497575e+01 -4.502030e-02
-2.366667e-01 1.497805e+01 -4.527577e-02
-2.333333e-01 1.497999e+01 -4.540576e-02
-2.300000e-01 1.498119e+01 -4.550088e-02
-2.300000e-01 1.498122e+01 -4.550052e-02
-2.266667e-01 1.498198e+01 -4.567370e-02
-2.233333e-01 1.498274e+01 -4.587205e-02
-2.200000e-01 1.498348e+01 -4.602632e-02
-2.200000e-01 1.498346e+01 -4.601931e-02
-2.166667e-01 1.498399e+01 -4.606766e-02
-2.133333e-01 1.498467e+01 -4.605673e-02
-2.100000e-01 1.498543e+01 -4.607485e-02
-2.100000e-01 1.498540e+01 -4.607015e-02
-2.066667e-01 1.498565e+01 -4.612565e-02
-2.033333e-01 1.498545e+01 -4.619125e-02
-2.000000e-01 1.498524e+01 -4.624909e-02
-2.000000e-01 1.498528e+01 -4.624696e-02
-1.966667e-01 1.498544e+01 -4.628679e-02
-1.933333e-01 1.498593e+01 -4.625922e-02
-1.900000e-01 1.498632e+01 -4.620181e-02
-1.900000e-01 1.498634e+01 -4.620420e-02
-1.866667e-01 1.498643e+01 -4.621349e-02
-1.833333e-01 1.498627e+01 -4.627999e-02
-1.800000e-01 1.498604e+01 -4.633853e-02
-1.800000e-01 1.498606e+01 -4.633423e-02
-1.766667e-01 1.498590e+01 -4.634592e-02
-1.733333e-01 1.498611e+01 -4.631996e-02
-1.700000e-01 1.498663e+01 -4.628609e-02
-1.700000e-01 1.498658e+01 -4.628730e-02
-1.666667e-01 1.498685e+01 -4.626077e-02
-1.633333e-01 1.498661e+01 -4.628746e-02
-1.600000e-01 1.498624e+01 -4.634804e-02
-1.600000e-01 1.498626e+01 -4.634494e-02
-1.566667e-01 1.498611e+01 -4.638857e-02
-1.533333e-01 1.498626e+01 -4.636696e-02
-1.500000e-01 1.498655e+01 -4.630346e-02
-1.500000e-01 1.498654e+01 -4.630928e-02
-1.466667e-01 1.498685e+01 -4.627522e-02
-1.433333e-01 1.498683e+01 -4.630193e-02
-1.400000e-01 1.498650e+01 -4.635089e-02
-1.400000e-01 1.498652e+01 -4.634807e-02
-1.366667e-01 1.498618e+01 -4.638379e-02
-1.333333e-01 1.498619e+01 -4.638456e-02
-1.300000e-01 1.498655e+01 -4.635091e-02
-1.300000e-01 1.498650e+01 -4.635489e-02
-1.266667e-01 1.498689e+01 -4.629540e-02
-1.233333e-01 1.498690e+01 -4.628934e-02
-1.200000e-01 1.498664e+01 -4.634468e-02
-1.200000e-01 1.498666e+01 -4.634033e-02
-1.166667e-01 1.498634e+01 -4.640014e-02
-1.133333e-01 1.498625e+01 -4.640322e-02
-1.100000e-01 1.498642e+01 -4.636032e-02
-1.100000e-01 1.498641e+01 -4.636528e-02
-1.066667e-01 1.498680e+01 -4.632075e-02
-1.033333e-01 1.498700e+01 -4.630967e-02
-1.000000e-01 1.498682e+01 -4.633479e-02
-1.000000e-01 1.498685e+01 -4.633185e-02
-9.666667e-02 1.498644e+01 -4.638592e-02
-9.333333e-02 1.498625e+01 -4.641701e-02
-9.000000e-02 1.498640e+01 -4.639981e-02
-9.000000e-02 1.498636e+01 -4.640310e-02
-8.666667e-02 1.498674e+01 -4.634223e-02
-8.333333e-02 1.498698e+01 -4.631057e-02
-8.000000e-02 1.498696e+01 -4.633736e-02
-8.000000e-02 1.498697e+01 -4.633296e-02
-7.666667e-02 1.498662e+01 -4.638853e-02
-7.333333e-02 1.498632e+01 -4.641755e-02
-7.000000e-02 1.498632e+01 -4.640924e-02
-7.000000e-02 1.498632e+01 -4.641114e-02
-6.666667e-02 1.498664e+01 -4.637621e-02
-6.333333e-02 1.498698e+01 -4.633748e-02
-6.000000e-02 1.498702e+01 -4.632699e-02
-6.000000e-02 1.498704e+01 -4.632559e-02
-5.666667e-02 1.498675e+01 -4.637251e-02
-5.333333e-02 1.498643e+01 -4.642668e-02
-5.000000e-02 1.498632e+01 -4.643660e-02
-5.000000e-02 1.498631e+01 -4.643842e-02
-4.666667e-02 1.498653e+01 -4.639390e-02
-4.333333e-02 1.498687e+01 -4.635012e-02
-4.000000e-02 1.498709e+01 -4.634466e-02
-4.000000e-02 1.498708e+01 -4.634265e-02
-3.666667e-02 1.498691e+01 -4.637196e-02
-3.333333e-02 1.498654e+01 -4.641373e-02
-3.000000e-02 1.498631e+01 -4.644037e-02
-3.000000e-02 1.498632e+01 -4.643978e-02
-2.666667e-02 1.498644e+01 -4.642779e-02
-2.333333e-02 1.498679e+01 -4.638118e-02
-2.000000e-02 1.498705e+01 -4.634383e-02
-2.000000e-02 1.498706e+01 -4.634483e-02
-1.666667e-02 1.498701e+01 -4.636309e-02
-1.333333e-02 1.498669e+01 -4.641552e-02
-1.000000e-02 1.498637e+01 -4.644872e-02
-1.000000e-02 1.498638e+01 -4.644893e-02
-6.666667e-03 1.498637e+01 -4.643859e-02
-3.333333e-03 1.498666e+01 -4.640384e-02
-8.673617e-18 1.498702e+01 -4.637402e-02
0.000000e+00 1.498699e+01 -4.637536e-02
3.333333e-03 1.498707e+01 -4.636567e-02
6.666667e-03 1.498681e+01 -4.639773e-02
1.000000e-02 1.498646e+01 -4.644808e-02
1.000000e-02 1.498648e+01 -4.644483e-02
1.333333e-02 1.498632e+01 -4.646590e-02
1.666667e-02 1.498653e+01 -4.643217e-02
2.000000e-02 1.498689e+01 -4.638384e-02
2.000000e-02 1.498687e+01 -4.638648e-02
2.333333e-02 1.498709e+01 -4.637296e-02
2.666667e-02 1.498694e+01 -4.640174e-02
3.000000e-02 1.498656e+01 -4.643969e-02
3.000000e-02 1.498658e+01 -4.643829e-02
3.333333e-02 1.498633e+01 -4.646425e-02
3.666667e-02 1.498643e+01 -4.645672e-02
4.000000e-02 1.498677e+01 -4.642240e-02
4.000000e-02 1.498673e+01 -4.642573e-02
4.333333e-02 1.498704e+01 -4.638427e-02
4.666667e-02 1.498702e+01 -4.638897e-02
5.000000e-02 1.498671e+01 -4.643607e-02
5.000000e-02 1.498674e+01 -4.643154e-02
5.333333e-02 1.498637e+01 -4.647669e-02
5.666667e-02 1.498632e+01 -4.647328e-02
6.000000e-02 1.498660e+01 -4.643974e-02
6.000000e-02 1.498659e+01 -4.644207e-02
6.333333e-02 1.498695e+01 -4.641036e-02
6.666667e-02 1.498705e+01 -4.640360e-02
7.000000e-02 1.498680e+01 -4.642178e-02
7.000000e-02 1.498683e+01 -4.642016e-02
7.333333e-02 1.498646e+01 -4.646516e-02
7.666667e-02 1.498629e+01 -4.649314e-02
8.000000e-02 1.498644e+01 -4.647864e-02
8.000000e-02 1.498641e+01 -4.648220e-02
8.333333e-02 1.498679e+01 -4.643180e-02
8.666667e-02 1.498702e+01 -4.640721e-02
9.000000e-02 1.498693e+01 -4.642588e-02
9.000000e-02 1.498694e+01 -4.642265e-02
9.333333e-02 1.498657e+01 -4.646317e-02
9.666667e-02 1.498630e+01 -4.648827e-02
1.000000e-01 1.498634e+01 -4.649157e-02
1.000000e-01 1.498633e+01 -4.649159e-02
1.033333e-01 1.498663e+01 -4.647025e-02
1.066667e-01 1.498691e+01 -4.643628e-02
1.100000e-01 1.498693e+01 -4.641776e-02
1.100000e-01 1.498695e+01 -4.641787e-02
1.133333e-01 1.498670e+01 -4.644843e-02
1.166667e-01 1.498637e+01 -4.649619e-02
1.200000e-01 1.498622e+01 -4.651524e-02
1.200000e-01 1.498621e+01 -4.651728e-02
1.233333e-01 1.498643e+01 -4.649231e-02
1.266667e-01 1.498676e+01 -4.646106e-02
1.300000e-01 1.498691e+01 -4.644569e-02
1.300000e-01 1.498690e+01 -4.644569e-02
1.333333e-01 1.498675e+01 -4.645003e-02
1.366667e-01 1.498645e+01 -4.647753e-02
1.400000e-01 1.498626e+01 -4.651674e-02
1.400000e-01 1.498627e+01 -4.651342e-02
1.433333e-01 1.498627e+01 -4.653006e-02
1.466667e-01 1.498652e+01 -4.650017e-02
1.500000e-01 1.498678e+01 -4.645590e-02
1.500000e-01 1.498678e+01 -4.645766e-02
1.533333e-01 1.498681e+01 -4.645006e-02
1.566667e-01 1.498657e+01 -4.647894e-02
1.600000e-01 1.498629e+01 -4.651004e-02
1.600000e-01 1.498630e+01 -4.651053e-02
1.633333e-01 1.498625e+01 -4.652598e-02
1.666667e-01 1.498640e+01 -4.652596e-02
1.700000e-01 1.498658e+01 -4.650584e-02
1.700000e-01 1.498656e+01 -4.650818e-02
1.733333e-01 1.498667e+01 -4.647168e-02
1.766667e-01 1.498662e+01 -4.646554e-02
1.800000e-01 1.498644e+01 -4.650325e-02
1.800000e-01 1.498645e+01 -4.649823e-02
1.833333e-01 1.498621e+01 -4.654542e-02
1.866667e-01 1.498620e+01 -4.655366e-02
1.900000e-01 1.498634e+01 -4.653453e-02
1.900000e-01 1.498634e+01 -4.653469e-02
1.933333e-01 1.498642e+01 -4.652014e-02
1.966667e-01 1.498636e+01 -4.651737e-02
2.000000e-01 1.498622e+01 -4.652484e-02
2.000000e-01 1.498623e+01 -4.652588e-02
2.033333e-01 1.498610e+01 -4.655574e-02
2.066667e-01 1.498593e+01 -4.660294e-02
2.100000e-01 1.498580e+01 -4.662875e-02
2.100000e-01 1.498577e+01 -4.663098e-02
2.133333e-01 1.498576e+01 -4.661163e-02
2.166667e-01 1.498571e+01 -4.660405e-02
2.200000e-01 1.498554e+01 -4.664118e-02
2.200000e-01 1.498555e+01 -4.663603e-02
2.233333e-01 1.498518e+01 -4.669540e-02
2.266667e-01 1.498489e+01 -4.674426e-02
2.300000e-01 1.498456e+01 -4.680257e-02
2.300000e-01 1.498458e+01 -4.679788e-02
2.333333e-01 1.498397e+01 -4.687944e-02
2.366667e-01 1.498324e+01 -4.696406e-02
2.400000e-01 1.498243e+01 -4.706551e-02
2.400000e-01 1.498246e+01 -4.706347e-02
2.433333e-01 1.498150e+01 -4.721320e-02
2.466667e-01 1.498028e+01 -4.740926e-02
2.500000e-01 1.497883e+01 -4.762140e-02
2.500000e-01 1.497883e+01 -4.762120e-02
2.533333e-01 1.497717e+01 -4.783549e-02
2.566667e-01 1.497485e+01 -4.814853e-02
2.600000e-01 1.497152e+01 -4.862938e-02
2.600000e-01 1.497160e+01 -4.861399e-02
2.633333e-01 1.496728e+01 -4.922852e-02
2.666667e-01 1.496228e+01 -4.994180e-02
2.700000e-01 1.495611e+01 -5.083861e-02
2.700000e-01 1.495635e+01 -5.080133e-02
2.733333e-01 1.494863e+01 -5.189267e-02
2.766667e-01 1.494014e+01 -5.306913e-02
2.800000e-01 1.492979e+01 -5.452488e-02
2.800000e-01 1.492996e+01 -5.450209e-02
2.833333e-01 1.491653e+01 -5.642996e-02
2.866667e-01 1.489929e+01 -5.890622e-02
2.900000e-01 1.487867e+01 -6.185665e-02
2.900000e-01 1.487911e+01 -6.179497e-02
2.933333e-01 1.485671e+01 -6.498915e-02
2.966667e-01 1.483227e+01 -6.848108e-02
3.000000e-01 1.480233e+01 -7.279347e-02
3.000000e-01 1.480308e+01 -7.268528e-02
3.033333e-01 1.476617e+01 -7.802821e-02
3.066667e-01 1.472315e+01 -8.428882e-02
3.100000e-01 1.467124e+01 -9.190479e-02
3.100000e-01 1.467252e+01 -9.171585e-02
3.133333e-01 1.461106e+01 -1.007702e-01
3.166667e-01 1.454183e+01 -1.110119e-01
3.200000e-01 1.446018e+01 -1.232352e-01
3.200000e-01 1.446312e+01 -1.227879e-01
3.233333e-01 1.436477e+01 -1.377295e-01
3.266667e-01 1.425185e+01 -1.551011e-01
3.300000e-01 1.410750e+01 -1.776425e-01
3.300000e-01 1.412324e+01 -1.750275e-01
3.333333e-01 1.390532e+01 -2.099844e-01
3.366667e-01 1.365735e+01 -2.508170e-01
3.400000e-01 1.326441e+01 -3.182298e-01
3.400000e-01 1.329715e+01 -3.153112e-01
3.433333e-01 1.245421e+01 -4.704899e-01
3.466667e-01 1.148917e+01 -6.780431e-01
3.500000e-01 1.087508e+01 -8.306379e-01
3.500000e-01 1.087645e+01 -8.273912e-01
3.533333e-01 1.066771e+01 -8.824914e-01
3.566667e-01 1.065279e+01 -8.864494e-01
3.600000e-01 1.081261e+01 -8.440497e-01
3.600000e-01 1.081231e+01 -8.444305e-01
3.633333e-01 1.110882e+01 -7.690759e-01
3.666667e-01 1.155463e+01 -6.628659e-01
3.700000e-01 1.210026e+01 -5.431452e-01
3.700000e-01 1.209197e+01 -5.446493e-01
3.733333e-01 1.266476e+01 -4.293031e-01
3.766667e-01 1.323141e+01 -3.243732e-01
3.800000e-01 1.381308e+01 -2.249747e-01
3.800000e-01 1.380463e+01 -2.263691e-01
3.833333e-01 1.439962e+01 -1.324560e-01
3.866667e-01 1.500205e+01 -4.437291e-02
3.900000e-01 1.563525e+01 4.150219e-02
3.900000e-01 1.562556e+01 4.023008e-02
3.933333e-01 1.627852e+01 1.223866e-01
3.966667e-01 1.694123e+01 1.998927e-01
4.000000e-01 1.763459e+01 2.753362e-01
4.000000e-01 1.762471e+01 2.743006e-01
4.033333e-01 1.833658e+01 3.464036e-01
4.066667e-01 1.905668e+01 4.144651e-01
4.100000e-01 1.980795e+01 4.807927e-01
4.100000e-01 1.979777e+01 4.799223e-01
4.133333e-01 2.056927e+01 5.435397e-01
4.166667e-01 2.135081e+01 6.038782e-01
4.200000e-01 2.216615e+01 6.628845e-01
4.200000e-01 2.215546e+01 6.621349e-01
4.233333e-01 2.299299e+01 7.189418e-01
4.266667e-01 2.384172e+01 7.729932e-01
4.300000e-01 2.472663e+01 8.259604e-01
4.300000e-01 2.471530e+01 8.253048e-01
4.333333e-01 2.562393e+01 8.764438e-01
4.366667e-01 2.654464e+01 9.252454e-01
4.400000e-01 2.750407e+01 9.731681e-01
4.400000e-01 2.749201e+01 9.725844e-01
4.433333e-01 2.847701e+01 1.018958e+00
4.466667e-01 2.947492e+01 1.063329e+00
4.500000e-01 3.051412e+01 1.107000e+00
4.500000e-01 3.050120e+01 1.106473e+00
4.533333e-01 3.156769e+01 1.148815e+00
4.566667e-01 3.264781e+01 1.189408e+00
4.600000e-01 3.377182e+01 1.229431e+00
4.600000e-01 3.375795e+01 1.228951e+00
4.633333e-01 3.491061e+01 1.267837e+00
4.666667e-01 3.607728e+01 1.305181e+00
4.700000e-01 3.729048e+01 1.342048e+00
4.700000e-01 3.727556e+01 1.341608e+00
4.733333e-01 3.851875e+01 1.377487e+00
4.766667e-01 3.977616e+01 1.412007e+00
4.800000e-01 4.108292e+01 1.446150e+00
4.800000e-01 4.106685e+01 1.445742e+00
4.833333e-01 4.240549e+01 1.479021e+00
4.866667e-01 4.375918e+01 1.511102e+00
4.900000e-01 4.516600e+01 1.542907e+00
4.900000e-01 4.514865e+01 1.542525e+00
4.933333e-01 4.658997e+01 1.573602e+00
4.966667e-01 4.804794e+01 1.603624e+00
5.000000e-01 4.956389e+01 1.633452e+00
5.000000e-01 4.954511e+01 1.633092e+00
5.033333e-01 5.109865e+01 1.662305e+00
5.066667e-01 5.267025e+01 1.690587e+00
5.100000e-01 5.430433e+01 1.718737e+00
5.100000e-01 5.428399e+01 1.718396e+00
5.133333e-01 5.595797e+01 1.745995e+00
5.166667e-01 5.765008e+01 1.772738e+00
5.200000e-01 5.940770e+01 1.799383e+00
5.200000e-01 5.938569e+01 1.799058e+00
5.233333e-01 6.118373e+01 1.825194e+00
5.266667e-01 6.299849e+01 1.850522e+00
5.300000e-01 6.488105e+01 1.875762e+00
5.300000e-01 6.485730e+01 1.875452e+00
5.333333e-01 6.678053e+01 1.900224e+00
5.366667e-01 6.871941e+01 1.924250e+00
5.400000e-01 7.072978e+01 1.948225e+00
5.400000e-01 7.070419e+01 1.947927e+00
5.433333e-01 7.275776e+01 1.971487e+00
5.466667e-01 7.482840e+01 1.994379e+00
5.500000e-01 7.697703e+01 2.017280e+00
5.500000e-01 7.694940e+01 2.016992e+00
5.533333e-01 7.914584e+01 2.039553e+00
5.566667e-01 8.136207e+01 2.061517e+00
5.600000e-01 8.366360e+01 2.083533e+00
5.600000e-01 8.363369e+01 2.083254e+00
5.633333e-01 8.598688e+01 2.104977e+00
5.666667e-01 8.836046e+01 2.126151e+00
5.700000e-01 9.082425e+01 2.147394e+00
5.700000e-01 9.079192e+01 2.147122e+00
5.733333e-01 9.330859e+01 2.168084e+00
5.766667e-01 9.584380e+01 2.188514e+00
5.800000e-01 9.847261e+01 2.209017e+00
5.800000e-01 9.843775e+01 2.208752e+00
5.833333e-01 1.011198e+02 2.228991e+00
5.866667e-01 1.038189e+02 2.248721e+00
5.900000e-01 1.066167e+02 2.268536e+00
5.900000e-01 1.065792e+02 2.268276e+00
5.933333e-01 1.094330e+02 2.287854e+00
5.966667e-01 1.123046e+02 2.306963e+00
6.000000e-01 1.152824e+02 2.326188e+00
6.000000e-01 1.152420e+02 2.325933e+00
6.033333e-01 1.182804e+02 2.344953e+00
6.066667e-01 1.213380e+02 2.363537e+00
6.100000e-01 1.245098e+02 2.382259e+00
6.100000e-01 1.244662e+02 2.382007e+00
6.133333e-01 1.277015e+02 2.400546e+00
6.166667e-01 1.309554e+02 2.418669e+00
6.200000e-01 1.343289e+02 2.436933e+00
6.200000e-01 1.342821e+02 2.436685e+00
6.233333e-01 1.377199e+02 2.454768e+00
6.266667e-01 1.411733e+02 2.472442e+00
6.300000e-01 1.447509e+02 2.490258e+00
6.300000e-01 1.447006e+02 2.490014e+00
6.333333e-01 1.483429e+02 2.507656e+00
6.366667e-01 1.519987e+02 2.524900e+00
6.400000e-01 1.557850e+02 2.542294e+00
6.400000e-01 1.557312e+02 2.542053e+00
6.433333e-01 1.595853e+02 2.559290e+00
6.466667e-01 1.634534e+02 2.576153e+00
6.500000e-01 1.674615e+02 2.593188e+00
6.500000e-01 1.674038e+02 2.592948e+00
6.533333e-01 1.714851e+02 2.609848e+00
6.566667e-01 1.755819e+02 2.626396e+00
6.600000e-01 1.798293e+02 2.643133e+00
6.600000e-01 1.797674e+02 2.642894e+00
6.633333e-01 1.840925e+02 2.659514e+00
6.666667e-01 1.884330e+02 2.675797e+00
6.700000e-01 1.929328e+02 2.692276e+00
6.700000e-01 1.928664e+02 2.692038e+00
6.733333e-01 1.974463e+02 2.708403e+00
6.766667e-01 2.020391e+02 2.724435e+00
6.800000e-01 2.067985e+02 2.740666e+00
6.800000e-01 2.067275e+02 2.740429e+00
6.833333e-01 2.115684e+02 2.756549e+00
6.866667e-01 2.164193e+02 2.772339e+00
6.900000e-01 2.214450e+02 2.788331e+00
6.900000e-01 2.213692e+02 2.788094e+00
6.933333e-01 2.264788e+02 2.803980e+00
6.966667e-01 2.315969e+02 2.819545e+00
7.000000e-01 2.368997e+02 2.835321e+00
7.000000e-01 2.368187e+02 2.835085e+00
7.033333e-01 2.422093e+02 2.850763e+00
7.066667e-01 2.476074e+02 2.866129e+00
7.100000e-01 2.532013e+02 2.881713e+00
7.100000e-01 2.531148e+02 2.881477e+00
7.133333e-01 2.588000e+02 2.896972e+00
7.166667e-01 2.644911e+02 2.912161e+00
7.200000e-01 2.703883e+02 2.927575e+00
7.200000e-01 2.702960e+02 2.927339e+00
7.233333e-01 2.762872e+02 2.942664e+00
7.266667e-01 2.822810e+02 2.957687e+00
7.300000e-01 2.884907e+02 2.972936e+00
7.300000e-01 2.883924e+02 2.972699e+00
7.333333e-01 2.946977e+02 2.987862e+00
7.366667e-01 3.010017e+02 3.002723e+00
7.400000e-01 3.075313e+02 3.017812e+00
7.400000e-01 3.074268e+02 3.017575e+00
7.433333e-01 3.140539e+02 3.032578e+00
7.466667e-01 3.206759e+02 3.047282e+00
7.500000e-01 3.275343e+02 3.062219e+00
7.500000e-01 3.274232e+02 3.061981e+00
7.533333e-01 3.343815e+02 3.076834e+00
7.566667e-01 3.413313e+02 3.091391e+00
7.600000e-01 3.485293e+02 3.106184e+00
7.600000e-01 3.484114e+02 3.105946e+00
7.633333e-01 3.557119e+02 3.120658e+00
7.666667e-01 3.630005e+02 3.135078e+00
7.700000e-01 3.705493e+02 3.149739e+00
7.700000e-01 3.704242e+02 3.149501e+00
7.733333e-01 3.780783e+02 3.164083e+00
7.766667e-01 3.857165e+02 3.178375e+00
7.800000e-01 3.936274e+02 3.192910e+00
7.800000e-01 3.934948e+02 3.192671e+00
7.833333e-01 4.015135e+02 3.207131e+00
7.866667e-01 4.095122e+02 3.221304e+00
7.900000e-01 4.177968e+02 3.235724e+00
7.900000e-01 4.176563e+02 3.235484e+00
7.933333e-01 4.260518e+02 3.249831e+00
7.966667e-01 4.344238e+02 3.263892e+00
8.000000e-01 4.430961e+02 3.278208e+00
8.000000e-01 4.429475e+02 3.277967e+00
8.033333e-01 4.517349e+02 3.292213e+00
8.066667e-01 4.604957e+02 3.306178e+00
8.100000e-01 4.695731e+02 3.320403e+00
8.100000e-01 4.694157e+02 3.320161e+00
8.133333e-01 4.786131e+02 3.334321e+00
8.166667e-01 4.877811e+02 3.348204e+00
8.200000e-01 4.972828e+02 3.362353e+00
8.200000e-01 4.971162e+02 3.362109e+00
8.233333e-01 5.067427e+02 3.376197e+00
8.266667e-01 5.163362e+02 3.390011e+00
8.300000e-01 5.262805e+02 3.404095e+00
8.300000e-01 5.261042e+02 3.403850e+00
8.333333e-01 5.361774e+02 3.417875e+00
8.366667e-01 5.462126e+02 3.431626e+00
8.400000e-01 5.566153e+02 3.445651e+00
8.400000e-01 5.564289e+02 3.445405e+00
8.433333e-01 5.669633e+02 3.459371e+00
8.466667e-01 5.774532e+02 3.473061e+00
8.500000e-01 5.883270e+02 3.487029e+00
8.500000e-01 5.881301e+02 3.486780e+00
8.533333e-01 5.991374e+02 3.500687e+00
8.566667e-01 6.100929e+02 3.514316e+00
8.600000e-01 6.214486e+02 3.528224e+00
8.600000e-01 6.212408e+02 3.527974e+00
8.633333e-01 6.327315e+02 3.541819e+00
8.666667e-01 6.441622e+02 3.555385e+00
8.700000e-01 6.560098e+02 3.569231e+00
8.700000e-01 6.557908e+02 3.568979e+00
8.733333e-01 6.677743e+02 3.582761e+00
8.766667e-01 6.796892e+02 3.596261e+00
8.800000e-01 6.920371e+02 3.610041e+00
8.800000e-01 6.918065e+02 3.609789e+00
8.833333e-01 7.042900e+02 3.623502e+00
8.866667e-01 7.166943e+02 3.636931e+00
8.900000e-01 7.295458e+02 3.650637e+00
8.900000e-01 7.293035e+02 3.650383e+00
8.933333e-01 7.422867e+02 3.664017e+00
8.966667e-01 7.551754e+02 3.677359e+00
9.000000e-01 7.685194e+02 3.690971e+00
9.000000e-01 7.682657e+02 3.690717e+00
9.033333e-01 7.817286e+02 3.704243e+00
9.066667e-01 7.950721e+02 3.717461e+00
9.100000e-01 8.088646e+02 3.730930e+00
9.100000e-01 8.086004e+02 3.730676e+00
9.133333e-01 8.224822e+02 3.744032e+00
9.166667e-01 8.361988e+02 3.757049e+00
9.200000e-01 8.503304e+02 3.770274e+00
9.200000e-01 8.500599e+02 3.770025e+00
9.233333e-01 8.642082e+02 3.783076e+00
9.266667e-01 8.781068e+02 3.795728e+00
9.300000e-01 8.923108e+02 3.808486e+00
9.300000e-01 8.920378e+02 3.808244e+00
9.333333e-01 9.061109e+02 3.820714e+00
9.366667e-01 9.197427e+02 3.832642e+00
9.400000e-01 9.334399e+02 3.844481e+00
9.400000e-01 9.331898e+02 3.844266e+00
9.433333e-01 9.463947e+02 3.855540e+00
9.466667e-01 9.587693e+02 3.865987e+00
9.500000e-01 9.705403e+02 3.875823e+00
9.500000e-01 9.703500e+02 3.875664e+00
9.533333e-01 9.807065e+02 3.884233e+00
9.566667e-01 9.891869e+02 3.891195e+00
9.600000e-01 9.955531e+02 3.896389e+00
9.600000e-01 9.954661e+02 3.896320e+00
9.633333e-01 9.992721e+02 3.899409e+00
9.666667e-01 1.000724e+03 3.900586e+00
9.700000e-01 1.000606e+03 3.900491e+00
9.700000e-01 1.000623e+03 3.900504e+00
9.733333e-01 9.999863e+02 3.899989e+00
9.766667e-01 9.996278e+02 3.899698e+00
9.800000e-01 9.998381e+02 3.899869e+00
9.800000e-01 9.998265e+02 3.899859e+00
9.833333e-01 1.000065e+03 3.900053e+00
9.866667e-01 1.000093e+03 3.900075e+00
9.900000e-01 1.000056e+03 3.900046e+00
9.900000e-01 1.000045e+03 3.900037e+00
9.933333e-01 1.000005e+03 3.900004e+00
9.966667e-01 9.999920e+02 3.899993e+00
1.000000e+00 9.999978e+02 3.899998e+00
